"export-plot data (NetLogo 5.3.1)"
"MVMA.nlogo"
"06/08/2016 16:28:21:988 -0300"

"MODEL SETTINGS"
"time-of-iteration","velocidade-poi","mostrar-feromonio","numero-de-vants","taxa-de-evaporacao","modo-comboio","taxa-de-difusao","velocidade-vant","data-export","simulation-time","numero-de-pois"
"5","120","false","10","0.8","true","1","200","true","120","25"

"""POI"""
"x min","x max","y min","y max","autoplot?","current pen","legend open?","number of pens"
"0","358","0","100","true","""Tratado""","false","2"

"pen name","pen down?","mode","interval","color","x"
"""Identificado""","true","0","1","15","300"
"""Tratado""","true","0","1","0","300"

"""Identificado""",,,,"""Tratado"""
"x","y","color","pen down?","x","y","color","pen down?"
"0.03333333333333333","4","15","true","0.03333333333333333","0","0","true"
"0.06666666666666667","4","15","true","0.06666666666666667","0","0","true"
"0.1","4","15","true","0.1","0","0","true"
"0.13333333333333333","4","15","true","0.13333333333333333","0","0","true"
"0.16666666666666666","4","15","true","0.16666666666666666","0","0","true"
"0.2","4","15","true","0.2","0","0","true"
"0.23333333333333334","4","15","true","0.23333333333333334","0","0","true"
"0.26666666666666666","4","15","true","0.26666666666666666","0","0","true"
"0.3","4","15","true","0.3","0","0","true"
"0.3333333333333333","4","15","true","0.3333333333333333","0","0","true"
"0.36666666666666664","4","15","true","0.36666666666666664","0","0","true"
"0.4","4","15","true","0.4","0","0","true"
"0.43333333333333335","4","15","true","0.43333333333333335","0","0","true"
"0.4666666666666667","4","15","true","0.4666666666666667","0","0","true"
"0.5","4","15","true","0.5","0","0","true"
"0.5333333333333333","4","15","true","0.5333333333333333","0","0","true"
"0.5666666666666667","4","15","true","0.5666666666666667","0","0","true"
"0.6","4","15","true","0.6","0","0","true"
"0.6333333333333333","4","15","true","0.6333333333333333","0","0","true"
"0.6666666666666666","4","15","true","0.6666666666666666","0","0","true"
"0.7","4","15","true","0.7","0","0","true"
"0.7333333333333333","4","15","true","0.7333333333333333","0","0","true"
"0.7666666666666667","4","15","true","0.7666666666666667","0","0","true"
"0.8","4","15","true","0.8","0","0","true"
"0.8333333333333334","4","15","true","0.8333333333333334","0","0","true"
"0.8666666666666667","4","15","true","0.8666666666666667","0","0","true"
"0.9","4","15","true","0.9","0","0","true"
"0.9333333333333333","4","15","true","0.9333333333333333","0","0","true"
"0.9666666666666667","4","15","true","0.9666666666666667","0","0","true"
"1","4","15","true","1","0","0","true"
"1.0333333333333334","4","15","true","1.0333333333333334","0","0","true"
"1.0666666666666667","4","15","true","1.0666666666666667","0","0","true"
"1.1","4","15","true","1.1","0","0","true"
"1.1333333333333333","4","15","true","1.1333333333333333","0","0","true"
"1.1666666666666667","4","15","true","1.1666666666666667","0","0","true"
"1.2","4","15","true","1.2","0","0","true"
"1.2333333333333334","4","15","true","1.2333333333333334","0","0","true"
"1.2666666666666666","4","15","true","1.2666666666666666","0","0","true"
"1.3","4","15","true","1.3","0","0","true"
"1.3333333333333333","4","15","true","1.3333333333333333","0","0","true"
"1.3666666666666667","4","15","true","1.3666666666666667","0","0","true"
"1.4","4","15","true","1.4","0","0","true"
"1.4333333333333333","4","15","true","1.4333333333333333","0","0","true"
"1.4666666666666666","4","15","true","1.4666666666666666","0","0","true"
"1.5","4","15","true","1.5","0","0","true"
"1.5333333333333334","4","15","true","1.5333333333333334","0","0","true"
"1.5666666666666667","4","15","true","1.5666666666666667","0","0","true"
"1.6","4","15","true","1.6","0","0","true"
"1.6333333333333333","4","15","true","1.6333333333333333","0","0","true"
"1.6666666666666667","4","15","true","1.6666666666666667","0","0","true"
"1.7","4","15","true","1.7","0","0","true"
"1.7333333333333334","4","15","true","1.7333333333333334","0","0","true"
"1.7666666666666666","4","15","true","1.7666666666666666","0","0","true"
"1.8","4","15","true","1.8","0","0","true"
"1.8333333333333333","4","15","true","1.8333333333333333","0","0","true"
"1.8666666666666667","4","15","true","1.8666666666666667","0","0","true"
"1.9","4","15","true","1.9","0","0","true"
"1.9333333333333333","4","15","true","1.9333333333333333","0","0","true"
"1.9666666666666666","4","15","true","1.9666666666666666","0","0","true"
"2","4","15","true","2","0","0","true"
"2.033333333333333","4","15","true","2.033333333333333","0","0","true"
"2.066666666666667","4","15","true","2.066666666666667","0","0","true"
"2.1","4","15","true","2.1","0","0","true"
"2.1333333333333333","4","15","true","2.1333333333333333","0","0","true"
"2.1666666666666665","4","15","true","2.1666666666666665","0","0","true"
"2.2","4","15","true","2.2","0","0","true"
"2.2333333333333334","4","15","true","2.2333333333333334","0","0","true"
"2.2666666666666666","4","15","true","2.2666666666666666","0","0","true"
"2.3","4","15","true","2.3","0","0","true"
"2.3333333333333335","4","15","true","2.3333333333333335","0","0","true"
"2.3666666666666667","4","15","true","2.3666666666666667","0","0","true"
"2.4","4","15","true","2.4","0","0","true"
"2.433333333333333","4","15","true","2.433333333333333","0","0","true"
"2.466666666666667","4","15","true","2.466666666666667","0","0","true"
"2.5","4","15","true","2.5","0","0","true"
"2.533333333333333","4","15","true","2.533333333333333","0","0","true"
"2.566666666666667","4","15","true","2.566666666666667","0","0","true"
"2.6","4","15","true","2.6","0","0","true"
"2.6333333333333333","4","15","true","2.6333333333333333","0","0","true"
"2.6666666666666665","4","15","true","2.6666666666666665","0","0","true"
"2.7","4","15","true","2.7","0","0","true"
"2.7333333333333334","4","15","true","2.7333333333333334","0","0","true"
"2.7666666666666666","4","15","true","2.7666666666666666","0","0","true"
"2.8","4","15","true","2.8","0","0","true"
"2.8333333333333335","4","15","true","2.8333333333333335","0","0","true"
"2.8666666666666667","4","15","true","2.8666666666666667","0","0","true"
"2.9","4","15","true","2.9","0","0","true"
"2.933333333333333","4","15","true","2.933333333333333","0","0","true"
"2.966666666666667","4","15","true","2.966666666666667","0","0","true"
"3","4","15","true","3","0","0","true"
"3.033333333333333","4","15","true","3.033333333333333","0","0","true"
"3.066666666666667","4","15","true","3.066666666666667","0","0","true"
"3.1","4","15","true","3.1","0","0","true"
"3.1333333333333333","4","15","true","3.1333333333333333","0","0","true"
"3.1666666666666665","4","15","true","3.1666666666666665","0","0","true"
"3.2","4","15","true","3.2","0","0","true"
"3.2333333333333334","4","15","true","3.2333333333333334","0","0","true"
"3.2666666666666666","4","15","true","3.2666666666666666","0","0","true"
"3.3","4","15","true","3.3","0","0","true"
"3.3333333333333335","4","15","true","3.3333333333333335","0","0","true"
"3.3666666666666667","4","15","true","3.3666666666666667","0","0","true"
"3.4","4","15","true","3.4","0","0","true"
"3.433333333333333","4","15","true","3.433333333333333","0","0","true"
"3.466666666666667","4","15","true","3.466666666666667","0","0","true"
"3.5","4","15","true","3.5","0","0","true"
"3.533333333333333","4","15","true","3.533333333333333","0","0","true"
"3.566666666666667","4","15","true","3.566666666666667","0","0","true"
"3.6","4","15","true","3.6","0","0","true"
"3.6333333333333333","4","15","true","3.6333333333333333","0","0","true"
"3.6666666666666665","4","15","true","3.6666666666666665","0","0","true"
"3.7","4","15","true","3.7","0","0","true"
"3.7333333333333334","4","15","true","3.7333333333333334","0","0","true"
"3.7666666666666666","4","15","true","3.7666666666666666","0","0","true"
"3.8","4","15","true","3.8","0","0","true"
"3.8333333333333335","4","15","true","3.8333333333333335","0","0","true"
"3.8666666666666667","4","15","true","3.8666666666666667","0","0","true"
"3.9","4","15","true","3.9","0","0","true"
"3.933333333333333","4","15","true","3.933333333333333","0","0","true"
"3.966666666666667","4","15","true","3.966666666666667","0","0","true"
"4","4","15","true","4","0","0","true"
"4.033333333333333","4","15","true","4.033333333333333","0","0","true"
"4.066666666666666","4","15","true","4.066666666666666","0","0","true"
"4.1","4","15","true","4.1","0","0","true"
"4.133333333333334","4","15","true","4.133333333333334","0","0","true"
"4.166666666666667","4","15","true","4.166666666666667","0","0","true"
"4.2","4","15","true","4.2","0","0","true"
"4.233333333333333","4","15","true","4.233333333333333","0","0","true"
"4.266666666666667","4","15","true","4.266666666666667","0","0","true"
"4.3","4","15","true","4.3","0","0","true"
"4.333333333333333","4","15","true","4.333333333333333","0","0","true"
"4.366666666666666","4","15","true","4.366666666666666","0","0","true"
"4.4","4","15","true","4.4","0","0","true"
"4.433333333333334","4","15","true","4.433333333333334","0","0","true"
"4.466666666666667","8","15","true","4.466666666666667","0","0","true"
"4.5","8","15","true","4.5","0","0","true"
"4.533333333333333","8","15","true","4.533333333333333","0","0","true"
"4.566666666666666","8","15","true","4.566666666666666","0","0","true"
"4.6","8","15","true","4.6","0","0","true"
"4.633333333333334","8","15","true","4.633333333333334","0","0","true"
"4.666666666666667","8","15","true","4.666666666666667","0","0","true"
"4.7","8","15","true","4.7","0","0","true"
"4.733333333333333","8","15","true","4.733333333333333","0","0","true"
"4.766666666666667","8","15","true","4.766666666666667","0","0","true"
"4.8","8","15","true","4.8","0","0","true"
"4.833333333333333","8","15","true","4.833333333333333","0","0","true"
"4.866666666666666","8","15","true","4.866666666666666","0","0","true"
"4.9","8","15","true","4.9","0","0","true"
"4.933333333333334","8","15","true","4.933333333333334","0","0","true"
"4.966666666666667","8","15","true","4.966666666666667","0","0","true"
"5","8","15","true","5","0","0","true"
"5.033333333333333","12","15","true","5.033333333333333","0","0","true"
"5.066666666666666","12","15","true","5.066666666666666","0","0","true"
"5.1","12","15","true","5.1","0","0","true"
"5.133333333333334","12","15","true","5.133333333333334","0","0","true"
"5.166666666666667","12","15","true","5.166666666666667","0","0","true"
"5.2","12","15","true","5.2","0","0","true"
"5.233333333333333","12","15","true","5.233333333333333","0","0","true"
"5.266666666666667","12","15","true","5.266666666666667","0","0","true"
"5.3","12","15","true","5.3","0","0","true"
"5.333333333333333","12","15","true","5.333333333333333","0","0","true"
"5.366666666666666","12","15","true","5.366666666666666","0","0","true"
"5.4","12","15","true","5.4","0","0","true"
"5.433333333333334","12","15","true","5.433333333333334","0","0","true"
"5.466666666666667","12","15","true","5.466666666666667","0","0","true"
"5.5","12","15","true","5.5","0","0","true"
"5.533333333333333","12","15","true","5.533333333333333","0","0","true"
"5.566666666666666","12","15","true","5.566666666666666","0","0","true"
"5.6","12","15","true","5.6","0","0","true"
"5.633333333333334","12","15","true","5.633333333333334","0","0","true"
"5.666666666666667","12","15","true","5.666666666666667","0","0","true"
"5.7","12","15","true","5.7","0","0","true"
"5.733333333333333","12","15","true","5.733333333333333","0","0","true"
"5.766666666666667","12","15","true","5.766666666666667","0","0","true"
"5.8","12","15","true","5.8","0","0","true"
"5.833333333333333","12","15","true","5.833333333333333","0","0","true"
"5.866666666666666","12","15","true","5.866666666666666","0","0","true"
"5.9","12","15","true","5.9","0","0","true"
"5.933333333333334","12","15","true","5.933333333333334","0","0","true"
"5.966666666666667","12","15","true","5.966666666666667","0","0","true"
"6","12","15","true","6","0","0","true"
"6.033333333333333","12","15","true","6.033333333333333","0","0","true"
"6.066666666666666","12","15","true","6.066666666666666","0","0","true"
"6.1","12","15","true","6.1","0","0","true"
"6.133333333333334","12","15","true","6.133333333333334","0","0","true"
"6.166666666666667","12","15","true","6.166666666666667","0","0","true"
"6.2","12","15","true","6.2","0","0","true"
"6.233333333333333","12","15","true","6.233333333333333","0","0","true"
"6.266666666666667","12","15","true","6.266666666666667","0","0","true"
"6.3","12","15","true","6.3","0","0","true"
"6.333333333333333","12","15","true","6.333333333333333","0","0","true"
"6.366666666666666","12","15","true","6.366666666666666","0","0","true"
"6.4","12","15","true","6.4","0","0","true"
"6.433333333333334","12","15","true","6.433333333333334","0","0","true"
"6.466666666666667","12","15","true","6.466666666666667","0","0","true"
"6.5","12","15","true","6.5","0","0","true"
"6.533333333333333","12","15","true","6.533333333333333","0","0","true"
"6.566666666666666","12","15","true","6.566666666666666","0","0","true"
"6.6","12","15","true","6.6","0","0","true"
"6.633333333333334","12","15","true","6.633333333333334","0","0","true"
"6.666666666666667","12","15","true","6.666666666666667","0","0","true"
"6.7","12","15","true","6.7","0","0","true"
"6.733333333333333","12","15","true","6.733333333333333","0","0","true"
"6.766666666666667","12","15","true","6.766666666666667","0","0","true"
"6.8","12","15","true","6.8","0","0","true"
"6.833333333333333","12","15","true","6.833333333333333","0","0","true"
"6.866666666666666","12","15","true","6.866666666666666","0","0","true"
"6.9","12","15","true","6.9","0","0","true"
"6.933333333333334","12","15","true","6.933333333333334","0","0","true"
"6.966666666666667","12","15","true","6.966666666666667","0","0","true"
"7","12","15","true","7","0","0","true"
"7.033333333333333","12","15","true","7.033333333333333","0","0","true"
"7.066666666666666","12","15","true","7.066666666666666","0","0","true"
"7.1","12","15","true","7.1","0","0","true"
"7.133333333333334","12","15","true","7.133333333333334","0","0","true"
"7.166666666666667","12","15","true","7.166666666666667","0","0","true"
"7.2","12","15","true","7.2","0","0","true"
"7.233333333333333","12","15","true","7.233333333333333","0","0","true"
"7.266666666666667","12","15","true","7.266666666666667","0","0","true"
"7.3","12","15","true","7.3","0","0","true"
"7.333333333333333","12","15","true","7.333333333333333","0","0","true"
"7.366666666666666","12","15","true","7.366666666666666","0","0","true"
"7.4","12","15","true","7.4","0","0","true"
"7.433333333333334","12","15","true","7.433333333333334","0","0","true"
"7.466666666666667","12","15","true","7.466666666666667","0","0","true"
"7.5","12","15","true","7.5","0","0","true"
"7.533333333333333","12","15","true","7.533333333333333","0","0","true"
"7.566666666666666","12","15","true","7.566666666666666","0","0","true"
"7.6","12","15","true","7.6","0","0","true"
"7.633333333333334","12","15","true","7.633333333333334","0","0","true"
"7.666666666666667","12","15","true","7.666666666666667","0","0","true"
"7.7","12","15","true","7.7","0","0","true"
"7.733333333333333","12","15","true","7.733333333333333","0","0","true"
"7.766666666666667","12","15","true","7.766666666666667","0","0","true"
"7.8","12","15","true","7.8","0","0","true"
"7.833333333333333","12","15","true","7.833333333333333","0","0","true"
"7.866666666666666","12","15","true","7.866666666666666","0","0","true"
"7.9","12","15","true","7.9","0","0","true"
"7.933333333333334","12","15","true","7.933333333333334","0","0","true"
"7.966666666666667","12","15","true","7.966666666666667","0","0","true"
"8","12","15","true","8","0","0","true"
"8.033333333333333","12","15","true","8.033333333333333","0","0","true"
"8.066666666666666","12","15","true","8.066666666666666","0","0","true"
"8.1","12","15","true","8.1","0","0","true"
"8.133333333333333","12","15","true","8.133333333333333","0","0","true"
"8.166666666666666","12","15","true","8.166666666666666","0","0","true"
"8.2","12","15","true","8.2","0","0","true"
"8.233333333333333","12","15","true","8.233333333333333","0","0","true"
"8.266666666666667","12","15","true","8.266666666666667","0","0","true"
"8.3","12","15","true","8.3","0","0","true"
"8.333333333333334","12","15","true","8.333333333333334","0","0","true"
"8.366666666666667","12","15","true","8.366666666666667","0","0","true"
"8.4","12","15","true","8.4","0","0","true"
"8.433333333333334","12","15","true","8.433333333333334","0","0","true"
"8.466666666666667","12","15","true","8.466666666666667","0","0","true"
"8.5","12","15","true","8.5","0","0","true"
"8.533333333333333","12","15","true","8.533333333333333","0","0","true"
"8.566666666666666","12","15","true","8.566666666666666","0","0","true"
"8.6","12","15","true","8.6","0","0","true"
"8.633333333333333","12","15","true","8.633333333333333","0","0","true"
"8.666666666666666","12","15","true","8.666666666666666","0","0","true"
"8.7","12","15","true","8.7","0","0","true"
"8.733333333333333","12","15","true","8.733333333333333","0","0","true"
"8.766666666666667","12","15","true","8.766666666666667","0","0","true"
"8.8","12","15","true","8.8","0","0","true"
"8.833333333333334","12","15","true","8.833333333333334","0","0","true"
"8.866666666666667","12","15","true","8.866666666666667","0","0","true"
"8.9","12","15","true","8.9","0","0","true"
"8.933333333333334","12","15","true","8.933333333333334","0","0","true"
"8.966666666666667","12","15","true","8.966666666666667","0","0","true"
"9","12","15","true","9","0","0","true"
"9.033333333333333","12","15","true","9.033333333333333","0","0","true"
"9.066666666666666","12","15","true","9.066666666666666","0","0","true"
"9.1","12","15","true","9.1","0","0","true"
"9.133333333333333","12","15","true","9.133333333333333","0","0","true"
"9.166666666666666","12","15","true","9.166666666666666","0","0","true"
"9.2","12","15","true","9.2","0","0","true"
"9.233333333333333","12","15","true","9.233333333333333","0","0","true"
"9.266666666666667","12","15","true","9.266666666666667","0","0","true"
"9.3","12","15","true","9.3","0","0","true"
"9.333333333333334","12","15","true","9.333333333333334","0","0","true"
"9.366666666666667","12","15","true","9.366666666666667","0","0","true"
"9.4","12","15","true","9.4","0","0","true"
"9.433333333333334","12","15","true","9.433333333333334","0","0","true"
"9.466666666666667","12","15","true","9.466666666666667","0","0","true"
"9.5","12","15","true","9.5","0","0","true"
"9.533333333333333","12","15","true","9.533333333333333","0","0","true"
"9.566666666666666","12","15","true","9.566666666666666","0","0","true"
"9.6","12","15","true","9.6","0","0","true"
"9.633333333333333","12","15","true","9.633333333333333","0","0","true"
"9.666666666666666","12","15","true","9.666666666666666","0","0","true"
"9.7","12","15","true","9.7","0","0","true"
"9.733333333333333","12","15","true","9.733333333333333","0","0","true"
"9.766666666666667","12","15","true","9.766666666666667","0","0","true"
"9.8","12","15","true","9.8","0","0","true"
"9.833333333333334","12","15","true","9.833333333333334","0","0","true"
"9.866666666666667","12","15","true","9.866666666666667","0","0","true"
"9.9","12","15","true","9.9","0","0","true"
"9.933333333333334","12","15","true","9.933333333333334","0","0","true"
"9.966666666666667","12","15","true","9.966666666666667","0","0","true"
"10","12","15","true","10","0","0","true"
"10.033333333333333","12","15","true","10.033333333333333","0","0","true"
"10.066666666666666","12","15","true","10.066666666666666","0","0","true"
"10.1","12","15","true","10.1","0","0","true"
"10.133333333333333","12","15","true","10.133333333333333","0","0","true"
"10.166666666666666","12","15","true","10.166666666666666","0","0","true"
"10.2","12","15","true","10.2","0","0","true"
"10.233333333333333","12","15","true","10.233333333333333","0","0","true"
"10.266666666666667","12","15","true","10.266666666666667","0","0","true"
"10.3","12","15","true","10.3","0","0","true"
"10.333333333333334","12","15","true","10.333333333333334","0","0","true"
"10.366666666666667","12","15","true","10.366666666666667","0","0","true"
"10.4","12","15","true","10.4","0","0","true"
"10.433333333333334","12","15","true","10.433333333333334","0","0","true"
"10.466666666666667","12","15","true","10.466666666666667","0","0","true"
"10.5","12","15","true","10.5","0","0","true"
"10.533333333333333","12","15","true","10.533333333333333","0","0","true"
"10.566666666666666","12","15","true","10.566666666666666","0","0","true"
"10.6","12","15","true","10.6","0","0","true"
"10.633333333333333","12","15","true","10.633333333333333","0","0","true"
"10.666666666666666","12","15","true","10.666666666666666","0","0","true"
"10.7","12","15","true","10.7","0","0","true"
"10.733333333333333","12","15","true","10.733333333333333","0","0","true"
"10.766666666666667","12","15","true","10.766666666666667","0","0","true"
"10.8","12","15","true","10.8","0","0","true"
"10.833333333333334","12","15","true","10.833333333333334","0","0","true"
"10.866666666666667","12","15","true","10.866666666666667","0","0","true"
"10.9","12","15","true","10.9","0","0","true"
"10.933333333333334","12","15","true","10.933333333333334","0","0","true"
"10.966666666666667","12","15","true","10.966666666666667","0","0","true"
"11","12","15","true","11","0","0","true"
"11.033333333333333","12","15","true","11.033333333333333","0","0","true"
"11.066666666666666","12","15","true","11.066666666666666","0","0","true"
"11.1","12","15","true","11.1","0","0","true"
"11.133333333333333","12","15","true","11.133333333333333","0","0","true"
"11.166666666666666","12","15","true","11.166666666666666","0","0","true"
"11.2","12","15","true","11.2","0","0","true"
"11.233333333333333","12","15","true","11.233333333333333","0","0","true"
"11.266666666666667","12","15","true","11.266666666666667","0","0","true"
"11.3","12","15","true","11.3","0","0","true"
"11.333333333333334","12","15","true","11.333333333333334","0","0","true"
"11.366666666666667","12","15","true","11.366666666666667","0","0","true"
"11.4","12","15","true","11.4","0","0","true"
"11.433333333333334","12","15","true","11.433333333333334","0","0","true"
"11.466666666666667","12","15","true","11.466666666666667","0","0","true"
"11.5","12","15","true","11.5","0","0","true"
"11.533333333333333","12","15","true","11.533333333333333","0","0","true"
"11.566666666666666","12","15","true","11.566666666666666","0","0","true"
"11.6","12","15","true","11.6","0","0","true"
"11.633333333333333","12","15","true","11.633333333333333","0","0","true"
"11.666666666666666","12","15","true","11.666666666666666","0","0","true"
"11.7","12","15","true","11.7","0","0","true"
"11.733333333333333","12","15","true","11.733333333333333","0","0","true"
"11.766666666666667","12","15","true","11.766666666666667","0","0","true"
"11.8","12","15","true","11.8","0","0","true"
"11.833333333333334","12","15","true","11.833333333333334","0","0","true"
"11.866666666666667","16","15","true","11.866666666666667","0","0","true"
"11.9","16","15","true","11.9","0","0","true"
"11.933333333333334","16","15","true","11.933333333333334","0","0","true"
"11.966666666666667","16","15","true","11.966666666666667","0","0","true"
"12","16","15","true","12","0","0","true"
"12.033333333333333","16","15","true","12.033333333333333","0","0","true"
"12.066666666666666","16","15","true","12.066666666666666","0","0","true"
"12.1","16","15","true","12.1","0","0","true"
"12.133333333333333","16","15","true","12.133333333333333","0","0","true"
"12.166666666666666","16","15","true","12.166666666666666","0","0","true"
"12.2","16","15","true","12.2","0","0","true"
"12.233333333333333","16","15","true","12.233333333333333","0","0","true"
"12.266666666666667","16","15","true","12.266666666666667","0","0","true"
"12.3","16","15","true","12.3","0","0","true"
"12.333333333333334","16","15","true","12.333333333333334","0","0","true"
"12.366666666666667","16","15","true","12.366666666666667","0","0","true"
"12.4","16","15","true","12.4","0","0","true"
"12.433333333333334","16","15","true","12.433333333333334","0","0","true"
"12.466666666666667","16","15","true","12.466666666666667","0","0","true"
"12.5","16","15","true","12.5","0","0","true"
"12.533333333333333","16","15","true","12.533333333333333","0","0","true"
"12.566666666666666","16","15","true","12.566666666666666","0","0","true"
"12.6","16","15","true","12.6","0","0","true"
"12.633333333333333","16","15","true","12.633333333333333","0","0","true"
"12.666666666666666","16","15","true","12.666666666666666","0","0","true"
"12.7","16","15","true","12.7","0","0","true"
"12.733333333333333","16","15","true","12.733333333333333","0","0","true"
"12.766666666666667","20","15","true","12.766666666666667","0","0","true"
"12.8","20","15","true","12.8","0","0","true"
"12.833333333333334","20","15","true","12.833333333333334","0","0","true"
"12.866666666666667","24","15","true","12.866666666666667","0","0","true"
"12.9","24","15","true","12.9","0","0","true"
"12.933333333333334","24","15","true","12.933333333333334","0","0","true"
"12.966666666666667","24","15","true","12.966666666666667","0","0","true"
"13","24","15","true","13","0","0","true"
"13.033333333333333","24","15","true","13.033333333333333","0","0","true"
"13.066666666666666","24","15","true","13.066666666666666","0","0","true"
"13.1","24","15","true","13.1","0","0","true"
"13.133333333333333","24","15","true","13.133333333333333","0","0","true"
"13.166666666666666","24","15","true","13.166666666666666","0","0","true"
"13.2","24","15","true","13.2","0","0","true"
"13.233333333333333","24","15","true","13.233333333333333","0","0","true"
"13.266666666666667","24","15","true","13.266666666666667","0","0","true"
"13.3","24","15","true","13.3","0","0","true"
"13.333333333333334","24","15","true","13.333333333333334","0","0","true"
"13.366666666666667","24","15","true","13.366666666666667","0","0","true"
"13.4","24","15","true","13.4","0","0","true"
"13.433333333333334","24","15","true","13.433333333333334","0","0","true"
"13.466666666666667","24","15","true","13.466666666666667","0","0","true"
"13.5","24","15","true","13.5","0","0","true"
"13.533333333333333","24","15","true","13.533333333333333","0","0","true"
"13.566666666666666","24","15","true","13.566666666666666","0","0","true"
"13.6","24","15","true","13.6","0","0","true"
"13.633333333333333","24","15","true","13.633333333333333","0","0","true"
"13.666666666666666","24","15","true","13.666666666666666","0","0","true"
"13.7","24","15","true","13.7","0","0","true"
"13.733333333333333","24","15","true","13.733333333333333","0","0","true"
"13.766666666666667","24","15","true","13.766666666666667","0","0","true"
"13.8","24","15","true","13.8","0","0","true"
"13.833333333333334","24","15","true","13.833333333333334","0","0","true"
"13.866666666666667","24","15","true","13.866666666666667","0","0","true"
"13.9","24","15","true","13.9","0","0","true"
"13.933333333333334","24","15","true","13.933333333333334","0","0","true"
"13.966666666666667","24","15","true","13.966666666666667","0","0","true"
"14","24","15","true","14","0","0","true"
"14.033333333333333","24","15","true","14.033333333333333","0","0","true"
"14.066666666666666","24","15","true","14.066666666666666","0","0","true"
"14.1","24","15","true","14.1","0","0","true"
"14.133333333333333","24","15","true","14.133333333333333","0","0","true"
"14.166666666666666","24","15","true","14.166666666666666","0","0","true"
"14.2","24","15","true","14.2","0","0","true"
"14.233333333333333","24","15","true","14.233333333333333","0","0","true"
"14.266666666666667","24","15","true","14.266666666666667","0","0","true"
"14.3","24","15","true","14.3","0","0","true"
"14.333333333333334","24","15","true","14.333333333333334","0","0","true"
"14.366666666666667","24","15","true","14.366666666666667","0","0","true"
"14.4","24","15","true","14.4","0","0","true"
"14.433333333333334","24","15","true","14.433333333333334","0","0","true"
"14.466666666666667","24","15","true","14.466666666666667","0","0","true"
"14.5","24","15","true","14.5","0","0","true"
"14.533333333333333","24","15","true","14.533333333333333","0","0","true"
"14.566666666666666","24","15","true","14.566666666666666","0","0","true"
"14.6","24","15","true","14.6","0","0","true"
"14.633333333333333","24","15","true","14.633333333333333","0","0","true"
"14.666666666666666","24","15","true","14.666666666666666","0","0","true"
"14.7","24","15","true","14.7","0","0","true"
"14.733333333333333","24","15","true","14.733333333333333","0","0","true"
"14.766666666666667","24","15","true","14.766666666666667","0","0","true"
"14.8","24","15","true","14.8","0","0","true"
"14.833333333333334","24","15","true","14.833333333333334","0","0","true"
"14.866666666666667","24","15","true","14.866666666666667","0","0","true"
"14.9","24","15","true","14.9","0","0","true"
"14.933333333333334","24","15","true","14.933333333333334","0","0","true"
"14.966666666666667","24","15","true","14.966666666666667","0","0","true"
"15","24","15","true","15","0","0","true"
"15.033333333333333","24","15","true","15.033333333333333","0","0","true"
"15.066666666666666","24","15","true","15.066666666666666","0","0","true"
"15.1","24","15","true","15.1","0","0","true"
"15.133333333333333","24","15","true","15.133333333333333","0","0","true"
"15.166666666666666","24","15","true","15.166666666666666","0","0","true"
"15.2","24","15","true","15.2","0","0","true"
"15.233333333333333","24","15","true","15.233333333333333","0","0","true"
"15.266666666666667","24","15","true","15.266666666666667","0","0","true"
"15.3","24","15","true","15.3","0","0","true"
"15.333333333333334","24","15","true","15.333333333333334","0","0","true"
"15.366666666666667","24","15","true","15.366666666666667","0","0","true"
"15.4","24","15","true","15.4","0","0","true"
"15.433333333333334","24","15","true","15.433333333333334","0","0","true"
"15.466666666666667","24","15","true","15.466666666666667","0","0","true"
"15.5","24","15","true","15.5","0","0","true"
"15.533333333333333","24","15","true","15.533333333333333","0","0","true"
"15.566666666666666","24","15","true","15.566666666666666","0","0","true"
"15.6","24","15","true","15.6","0","0","true"
"15.633333333333333","24","15","true","15.633333333333333","0","0","true"
"15.666666666666666","24","15","true","15.666666666666666","0","0","true"
"15.7","24","15","true","15.7","0","0","true"
"15.733333333333333","24","15","true","15.733333333333333","0","0","true"
"15.766666666666667","24","15","true","15.766666666666667","0","0","true"
"15.8","24","15","true","15.8","0","0","true"
"15.833333333333334","24","15","true","15.833333333333334","0","0","true"
"15.866666666666667","24","15","true","15.866666666666667","0","0","true"
"15.9","24","15","true","15.9","0","0","true"
"15.933333333333334","24","15","true","15.933333333333334","0","0","true"
"15.966666666666667","24","15","true","15.966666666666667","0","0","true"
"16","24","15","true","16","0","0","true"
"16.033333333333335","24","15","true","16.033333333333335","0","0","true"
"16.066666666666666","24","15","true","16.066666666666666","0","0","true"
"16.1","24","15","true","16.1","0","0","true"
"16.133333333333333","28.000000000000004","15","true","16.133333333333333","0","0","true"
"16.166666666666668","28.000000000000004","15","true","16.166666666666668","0","0","true"
"16.2","28.000000000000004","15","true","16.2","0","0","true"
"16.233333333333334","28.000000000000004","15","true","16.233333333333334","0","0","true"
"16.266666666666666","28.000000000000004","15","true","16.266666666666666","0","0","true"
"16.3","28.000000000000004","15","true","16.3","0","0","true"
"16.333333333333332","28.000000000000004","15","true","16.333333333333332","0","0","true"
"16.366666666666667","28.000000000000004","15","true","16.366666666666667","0","0","true"
"16.4","28.000000000000004","15","true","16.4","0","0","true"
"16.433333333333334","28.000000000000004","15","true","16.433333333333334","0","0","true"
"16.466666666666665","28.000000000000004","15","true","16.466666666666665","0","0","true"
"16.5","28.000000000000004","15","true","16.5","0","0","true"
"16.533333333333335","28.000000000000004","15","true","16.533333333333335","0","0","true"
"16.566666666666666","28.000000000000004","15","true","16.566666666666666","0","0","true"
"16.6","28.000000000000004","15","true","16.6","0","0","true"
"16.633333333333333","28.000000000000004","15","true","16.633333333333333","0","0","true"
"16.666666666666668","28.000000000000004","15","true","16.666666666666668","0","0","true"
"16.7","28.000000000000004","15","true","16.7","0","0","true"
"16.733333333333334","28.000000000000004","15","true","16.733333333333334","0","0","true"
"16.766666666666666","28.000000000000004","15","true","16.766666666666666","0","0","true"
"16.8","28.000000000000004","15","true","16.8","0","0","true"
"16.833333333333332","28.000000000000004","15","true","16.833333333333332","0","0","true"
"16.866666666666667","28.000000000000004","15","true","16.866666666666667","0","0","true"
"16.9","28.000000000000004","15","true","16.9","0","0","true"
"16.933333333333334","28.000000000000004","15","true","16.933333333333334","0","0","true"
"16.966666666666665","28.000000000000004","15","true","16.966666666666665","0","0","true"
"17","28.000000000000004","15","true","17","0","0","true"
"17.033333333333335","28.000000000000004","15","true","17.033333333333335","0","0","true"
"17.066666666666666","28.000000000000004","15","true","17.066666666666666","0","0","true"
"17.1","28.000000000000004","15","true","17.1","0","0","true"
"17.133333333333333","28.000000000000004","15","true","17.133333333333333","0","0","true"
"17.166666666666668","28.000000000000004","15","true","17.166666666666668","0","0","true"
"17.2","28.000000000000004","15","true","17.2","0","0","true"
"17.233333333333334","28.000000000000004","15","true","17.233333333333334","0","0","true"
"17.266666666666666","28.000000000000004","15","true","17.266666666666666","0","0","true"
"17.3","28.000000000000004","15","true","17.3","0","0","true"
"17.333333333333332","28.000000000000004","15","true","17.333333333333332","0","0","true"
"17.366666666666667","28.000000000000004","15","true","17.366666666666667","0","0","true"
"17.4","28.000000000000004","15","true","17.4","0","0","true"
"17.433333333333334","28.000000000000004","15","true","17.433333333333334","0","0","true"
"17.466666666666665","28.000000000000004","15","true","17.466666666666665","0","0","true"
"17.5","28.000000000000004","15","true","17.5","0","0","true"
"17.533333333333335","28.000000000000004","15","true","17.533333333333335","0","0","true"
"17.566666666666666","28.000000000000004","15","true","17.566666666666666","0","0","true"
"17.6","28.000000000000004","15","true","17.6","0","0","true"
"17.633333333333333","28.000000000000004","15","true","17.633333333333333","0","0","true"
"17.666666666666668","28.000000000000004","15","true","17.666666666666668","0","0","true"
"17.7","28.000000000000004","15","true","17.7","0","0","true"
"17.733333333333334","28.000000000000004","15","true","17.733333333333334","0","0","true"
"17.766666666666666","28.000000000000004","15","true","17.766666666666666","0","0","true"
"17.8","28.000000000000004","15","true","17.8","0","0","true"
"17.833333333333332","28.000000000000004","15","true","17.833333333333332","0","0","true"
"17.866666666666667","28.000000000000004","15","true","17.866666666666667","0","0","true"
"17.9","28.000000000000004","15","true","17.9","0","0","true"
"17.933333333333334","28.000000000000004","15","true","17.933333333333334","0","0","true"
"17.966666666666665","28.000000000000004","15","true","17.966666666666665","0","0","true"
"18","28.000000000000004","15","true","18","0","0","true"
"18.033333333333335","28.000000000000004","15","true","18.033333333333335","0","0","true"
"18.066666666666666","28.000000000000004","15","true","18.066666666666666","0","0","true"
"18.1","28.000000000000004","15","true","18.1","0","0","true"
"18.133333333333333","28.000000000000004","15","true","18.133333333333333","0","0","true"
"18.166666666666668","28.000000000000004","15","true","18.166666666666668","0","0","true"
"18.2","28.000000000000004","15","true","18.2","0","0","true"
"18.233333333333334","28.000000000000004","15","true","18.233333333333334","0","0","true"
"18.266666666666666","28.000000000000004","15","true","18.266666666666666","0","0","true"
"18.3","28.000000000000004","15","true","18.3","0","0","true"
"18.333333333333332","28.000000000000004","15","true","18.333333333333332","0","0","true"
"18.366666666666667","28.000000000000004","15","true","18.366666666666667","0","0","true"
"18.4","28.000000000000004","15","true","18.4","0","0","true"
"18.433333333333334","28.000000000000004","15","true","18.433333333333334","0","0","true"
"18.466666666666665","28.000000000000004","15","true","18.466666666666665","0","0","true"
"18.5","28.000000000000004","15","true","18.5","0","0","true"
"18.533333333333335","28.000000000000004","15","true","18.533333333333335","0","0","true"
"18.566666666666666","28.000000000000004","15","true","18.566666666666666","0","0","true"
"18.6","28.000000000000004","15","true","18.6","0","0","true"
"18.633333333333333","28.000000000000004","15","true","18.633333333333333","0","0","true"
"18.666666666666668","28.000000000000004","15","true","18.666666666666668","0","0","true"
"18.7","28.000000000000004","15","true","18.7","0","0","true"
"18.733333333333334","28.000000000000004","15","true","18.733333333333334","0","0","true"
"18.766666666666666","28.000000000000004","15","true","18.766666666666666","0","0","true"
"18.8","28.000000000000004","15","true","18.8","0","0","true"
"18.833333333333332","28.000000000000004","15","true","18.833333333333332","0","0","true"
"18.866666666666667","28.000000000000004","15","true","18.866666666666667","0","0","true"
"18.9","28.000000000000004","15","true","18.9","0","0","true"
"18.933333333333334","28.000000000000004","15","true","18.933333333333334","0","0","true"
"18.966666666666665","28.000000000000004","15","true","18.966666666666665","0","0","true"
"19","28.000000000000004","15","true","19","0","0","true"
"19.033333333333335","28.000000000000004","15","true","19.033333333333335","0","0","true"
"19.066666666666666","28.000000000000004","15","true","19.066666666666666","0","0","true"
"19.1","28.000000000000004","15","true","19.1","0","0","true"
"19.133333333333333","28.000000000000004","15","true","19.133333333333333","0","0","true"
"19.166666666666668","28.000000000000004","15","true","19.166666666666668","0","0","true"
"19.2","28.000000000000004","15","true","19.2","0","0","true"
"19.233333333333334","28.000000000000004","15","true","19.233333333333334","0","0","true"
"19.266666666666666","28.000000000000004","15","true","19.266666666666666","0","0","true"
"19.3","28.000000000000004","15","true","19.3","0","0","true"
"19.333333333333332","28.000000000000004","15","true","19.333333333333332","0","0","true"
"19.366666666666667","28.000000000000004","15","true","19.366666666666667","0","0","true"
"19.4","28.000000000000004","15","true","19.4","0","0","true"
"19.433333333333334","28.000000000000004","15","true","19.433333333333334","0","0","true"
"19.466666666666665","28.000000000000004","15","true","19.466666666666665","0","0","true"
"19.5","28.000000000000004","15","true","19.5","0","0","true"
"19.533333333333335","28.000000000000004","15","true","19.533333333333335","0","0","true"
"19.566666666666666","28.000000000000004","15","true","19.566666666666666","0","0","true"
"19.6","28.000000000000004","15","true","19.6","0","0","true"
"19.633333333333333","28.000000000000004","15","true","19.633333333333333","0","0","true"
"19.666666666666668","28.000000000000004","15","true","19.666666666666668","0","0","true"
"19.7","28.000000000000004","15","true","19.7","0","0","true"
"19.733333333333334","28.000000000000004","15","true","19.733333333333334","0","0","true"
"19.766666666666666","28.000000000000004","15","true","19.766666666666666","0","0","true"
"19.8","28.000000000000004","15","true","19.8","0","0","true"
"19.833333333333332","28.000000000000004","15","true","19.833333333333332","0","0","true"
"19.866666666666667","28.000000000000004","15","true","19.866666666666667","0","0","true"
"19.9","28.000000000000004","15","true","19.9","0","0","true"
"19.933333333333334","28.000000000000004","15","true","19.933333333333334","0","0","true"
"19.966666666666665","28.000000000000004","15","true","19.966666666666665","0","0","true"
"20","28.000000000000004","15","true","20","0","0","true"
"20.033333333333335","28.000000000000004","15","true","20.033333333333335","0","0","true"
"20.066666666666666","28.000000000000004","15","true","20.066666666666666","0","0","true"
"20.1","28.000000000000004","15","true","20.1","0","0","true"
"20.133333333333333","28.000000000000004","15","true","20.133333333333333","0","0","true"
"20.166666666666668","28.000000000000004","15","true","20.166666666666668","0","0","true"
"20.2","28.000000000000004","15","true","20.2","0","0","true"
"20.233333333333334","28.000000000000004","15","true","20.233333333333334","0","0","true"
"20.266666666666666","28.000000000000004","15","true","20.266666666666666","0","0","true"
"20.3","28.000000000000004","15","true","20.3","0","0","true"
"20.333333333333332","28.000000000000004","15","true","20.333333333333332","0","0","true"
"20.366666666666667","28.000000000000004","15","true","20.366666666666667","0","0","true"
"20.4","28.000000000000004","15","true","20.4","0","0","true"
"20.433333333333334","28.000000000000004","15","true","20.433333333333334","0","0","true"
"20.466666666666665","28.000000000000004","15","true","20.466666666666665","0","0","true"
"20.5","28.000000000000004","15","true","20.5","0","0","true"
"20.533333333333335","28.000000000000004","15","true","20.533333333333335","0","0","true"
"20.566666666666666","28.000000000000004","15","true","20.566666666666666","0","0","true"
"20.6","28.000000000000004","15","true","20.6","0","0","true"
"20.633333333333333","28.000000000000004","15","true","20.633333333333333","0","0","true"
"20.666666666666668","28.000000000000004","15","true","20.666666666666668","0","0","true"
"20.7","28.000000000000004","15","true","20.7","0","0","true"
"20.733333333333334","28.000000000000004","15","true","20.733333333333334","0","0","true"
"20.766666666666666","28.000000000000004","15","true","20.766666666666666","0","0","true"
"20.8","28.000000000000004","15","true","20.8","0","0","true"
"20.833333333333332","28.000000000000004","15","true","20.833333333333332","0","0","true"
"20.866666666666667","28.000000000000004","15","true","20.866666666666667","0","0","true"
"20.9","28.000000000000004","15","true","20.9","0","0","true"
"20.933333333333334","28.000000000000004","15","true","20.933333333333334","0","0","true"
"20.966666666666665","28.000000000000004","15","true","20.966666666666665","0","0","true"
"21","28.000000000000004","15","true","21","0","0","true"
"21.033333333333335","28.000000000000004","15","true","21.033333333333335","0","0","true"
"21.066666666666666","28.000000000000004","15","true","21.066666666666666","0","0","true"
"21.1","28.000000000000004","15","true","21.1","0","0","true"
"21.133333333333333","28.000000000000004","15","true","21.133333333333333","0","0","true"
"21.166666666666668","28.000000000000004","15","true","21.166666666666668","0","0","true"
"21.2","28.000000000000004","15","true","21.2","0","0","true"
"21.233333333333334","28.000000000000004","15","true","21.233333333333334","0","0","true"
"21.266666666666666","28.000000000000004","15","true","21.266666666666666","0","0","true"
"21.3","28.000000000000004","15","true","21.3","0","0","true"
"21.333333333333332","28.000000000000004","15","true","21.333333333333332","0","0","true"
"21.366666666666667","28.000000000000004","15","true","21.366666666666667","0","0","true"
"21.4","28.000000000000004","15","true","21.4","0","0","true"
"21.433333333333334","28.000000000000004","15","true","21.433333333333334","0","0","true"
"21.466666666666665","28.000000000000004","15","true","21.466666666666665","0","0","true"
"21.5","28.000000000000004","15","true","21.5","0","0","true"
"21.533333333333335","28.000000000000004","15","true","21.533333333333335","0","0","true"
"21.566666666666666","28.000000000000004","15","true","21.566666666666666","0","0","true"
"21.6","28.000000000000004","15","true","21.6","0","0","true"
"21.633333333333333","28.000000000000004","15","true","21.633333333333333","0","0","true"
"21.666666666666668","28.000000000000004","15","true","21.666666666666668","0","0","true"
"21.7","28.000000000000004","15","true","21.7","0","0","true"
"21.733333333333334","28.000000000000004","15","true","21.733333333333334","0","0","true"
"21.766666666666666","28.000000000000004","15","true","21.766666666666666","0","0","true"
"21.8","28.000000000000004","15","true","21.8","0","0","true"
"21.833333333333332","28.000000000000004","15","true","21.833333333333332","0","0","true"
"21.866666666666667","28.000000000000004","15","true","21.866666666666667","0","0","true"
"21.9","28.000000000000004","15","true","21.9","0","0","true"
"21.933333333333334","28.000000000000004","15","true","21.933333333333334","0","0","true"
"21.966666666666665","28.000000000000004","15","true","21.966666666666665","0","0","true"
"22","28.000000000000004","15","true","22","0","0","true"
"22.033333333333335","28.000000000000004","15","true","22.033333333333335","0","0","true"
"22.066666666666666","28.000000000000004","15","true","22.066666666666666","0","0","true"
"22.1","28.000000000000004","15","true","22.1","0","0","true"
"22.133333333333333","28.000000000000004","15","true","22.133333333333333","0","0","true"
"22.166666666666668","28.000000000000004","15","true","22.166666666666668","0","0","true"
"22.2","28.000000000000004","15","true","22.2","0","0","true"
"22.233333333333334","28.000000000000004","15","true","22.233333333333334","0","0","true"
"22.266666666666666","28.000000000000004","15","true","22.266666666666666","0","0","true"
"22.3","28.000000000000004","15","true","22.3","0","0","true"
"22.333333333333332","28.000000000000004","15","true","22.333333333333332","0","0","true"
"22.366666666666667","28.000000000000004","15","true","22.366666666666667","0","0","true"
"22.4","28.000000000000004","15","true","22.4","0","0","true"
"22.433333333333334","28.000000000000004","15","true","22.433333333333334","0","0","true"
"22.466666666666665","28.000000000000004","15","true","22.466666666666665","0","0","true"
"22.5","28.000000000000004","15","true","22.5","0","0","true"
"22.533333333333335","28.000000000000004","15","true","22.533333333333335","0","0","true"
"22.566666666666666","28.000000000000004","15","true","22.566666666666666","0","0","true"
"22.6","28.000000000000004","15","true","22.6","0","0","true"
"22.633333333333333","28.000000000000004","15","true","22.633333333333333","0","0","true"
"22.666666666666668","28.000000000000004","15","true","22.666666666666668","0","0","true"
"22.7","28.000000000000004","15","true","22.7","0","0","true"
"22.733333333333334","28.000000000000004","15","true","22.733333333333334","0","0","true"
"22.766666666666666","28.000000000000004","15","true","22.766666666666666","0","0","true"
"22.8","28.000000000000004","15","true","22.8","0","0","true"
"22.833333333333332","28.000000000000004","15","true","22.833333333333332","0","0","true"
"22.866666666666667","28.000000000000004","15","true","22.866666666666667","0","0","true"
"22.9","28.000000000000004","15","true","22.9","0","0","true"
"22.933333333333334","28.000000000000004","15","true","22.933333333333334","0","0","true"
"22.966666666666665","28.000000000000004","15","true","22.966666666666665","0","0","true"
"23","28.000000000000004","15","true","23","0","0","true"
"23.033333333333335","28.000000000000004","15","true","23.033333333333335","0","0","true"
"23.066666666666666","28.000000000000004","15","true","23.066666666666666","0","0","true"
"23.1","28.000000000000004","15","true","23.1","0","0","true"
"23.133333333333333","28.000000000000004","15","true","23.133333333333333","0","0","true"
"23.166666666666668","28.000000000000004","15","true","23.166666666666668","0","0","true"
"23.2","28.000000000000004","15","true","23.2","0","0","true"
"23.233333333333334","28.000000000000004","15","true","23.233333333333334","0","0","true"
"23.266666666666666","28.000000000000004","15","true","23.266666666666666","0","0","true"
"23.3","28.000000000000004","15","true","23.3","0","0","true"
"23.333333333333332","28.000000000000004","15","true","23.333333333333332","0","0","true"
"23.366666666666667","28.000000000000004","15","true","23.366666666666667","0","0","true"
"23.4","28.000000000000004","15","true","23.4","0","0","true"
"23.433333333333334","28.000000000000004","15","true","23.433333333333334","0","0","true"
"23.466666666666665","28.000000000000004","15","true","23.466666666666665","0","0","true"
"23.5","28.000000000000004","15","true","23.5","0","0","true"
"23.533333333333335","28.000000000000004","15","true","23.533333333333335","0","0","true"
"23.566666666666666","28.000000000000004","15","true","23.566666666666666","0","0","true"
"23.6","28.000000000000004","15","true","23.6","0","0","true"
"23.633333333333333","28.000000000000004","15","true","23.633333333333333","0","0","true"
"23.666666666666668","28.000000000000004","15","true","23.666666666666668","0","0","true"
"23.7","28.000000000000004","15","true","23.7","0","0","true"
"23.733333333333334","28.000000000000004","15","true","23.733333333333334","0","0","true"
"23.766666666666666","28.000000000000004","15","true","23.766666666666666","0","0","true"
"23.8","28.000000000000004","15","true","23.8","0","0","true"
"23.833333333333332","28.000000000000004","15","true","23.833333333333332","0","0","true"
"23.866666666666667","28.000000000000004","15","true","23.866666666666667","0","0","true"
"23.9","28.000000000000004","15","true","23.9","0","0","true"
"23.933333333333334","28.000000000000004","15","true","23.933333333333334","0","0","true"
"23.966666666666665","28.000000000000004","15","true","23.966666666666665","0","0","true"
"24","28.000000000000004","15","true","24","0","0","true"
"24.033333333333335","28.000000000000004","15","true","24.033333333333335","0","0","true"
"24.066666666666666","28.000000000000004","15","true","24.066666666666666","0","0","true"
"24.1","28.000000000000004","15","true","24.1","0","0","true"
"24.133333333333333","28.000000000000004","15","true","24.133333333333333","0","0","true"
"24.166666666666668","28.000000000000004","15","true","24.166666666666668","0","0","true"
"24.2","28.000000000000004","15","true","24.2","0","0","true"
"24.233333333333334","32","15","true","24.233333333333334","0","0","true"
"24.266666666666666","32","15","true","24.266666666666666","0","0","true"
"24.3","32","15","true","24.3","0","0","true"
"24.333333333333332","32","15","true","24.333333333333332","0","0","true"
"24.366666666666667","32","15","true","24.366666666666667","0","0","true"
"24.4","32","15","true","24.4","0","0","true"
"24.433333333333334","32","15","true","24.433333333333334","0","0","true"
"24.466666666666665","32","15","true","24.466666666666665","0","0","true"
"24.5","32","15","true","24.5","0","0","true"
"24.533333333333335","32","15","true","24.533333333333335","0","0","true"
"24.566666666666666","32","15","true","24.566666666666666","0","0","true"
"24.6","32","15","true","24.6","0","0","true"
"24.633333333333333","32","15","true","24.633333333333333","0","0","true"
"24.666666666666668","32","15","true","24.666666666666668","0","0","true"
"24.7","32","15","true","24.7","0","0","true"
"24.733333333333334","32","15","true","24.733333333333334","0","0","true"
"24.766666666666666","32","15","true","24.766666666666666","0","0","true"
"24.8","32","15","true","24.8","0","0","true"
"24.833333333333332","32","15","true","24.833333333333332","0","0","true"
"24.866666666666667","32","15","true","24.866666666666667","0","0","true"
"24.9","32","15","true","24.9","0","0","true"
"24.933333333333334","32","15","true","24.933333333333334","0","0","true"
"24.966666666666665","32","15","true","24.966666666666665","0","0","true"
"25","32","15","true","25","0","0","true"
"25.033333333333335","32","15","true","25.033333333333335","0","0","true"
"25.066666666666666","32","15","true","25.066666666666666","0","0","true"
"25.1","32","15","true","25.1","0","0","true"
"25.133333333333333","32","15","true","25.133333333333333","0","0","true"
"25.166666666666668","32","15","true","25.166666666666668","0","0","true"
"25.2","32","15","true","25.2","0","0","true"
"25.233333333333334","32","15","true","25.233333333333334","0","0","true"
"25.266666666666666","32","15","true","25.266666666666666","0","0","true"
"25.3","32","15","true","25.3","0","0","true"
"25.333333333333332","32","15","true","25.333333333333332","0","0","true"
"25.366666666666667","32","15","true","25.366666666666667","0","0","true"
"25.4","32","15","true","25.4","0","0","true"
"25.433333333333334","32","15","true","25.433333333333334","0","0","true"
"25.466666666666665","32","15","true","25.466666666666665","0","0","true"
"25.5","32","15","true","25.5","0","0","true"
"25.533333333333335","32","15","true","25.533333333333335","0","0","true"
"25.566666666666666","32","15","true","25.566666666666666","0","0","true"
"25.6","32","15","true","25.6","0","0","true"
"25.633333333333333","32","15","true","25.633333333333333","0","0","true"
"25.666666666666668","32","15","true","25.666666666666668","0","0","true"
"25.7","32","15","true","25.7","0","0","true"
"25.733333333333334","32","15","true","25.733333333333334","0","0","true"
"25.766666666666666","32","15","true","25.766666666666666","0","0","true"
"25.8","32","15","true","25.8","0","0","true"
"25.833333333333332","32","15","true","25.833333333333332","0","0","true"
"25.866666666666667","32","15","true","25.866666666666667","0","0","true"
"25.9","32","15","true","25.9","0","0","true"
"25.933333333333334","32","15","true","25.933333333333334","0","0","true"
"25.966666666666665","32","15","true","25.966666666666665","0","0","true"
"26","32","15","true","26","0","0","true"
"26.033333333333335","32","15","true","26.033333333333335","0","0","true"
"26.066666666666666","32","15","true","26.066666666666666","0","0","true"
"26.1","32","15","true","26.1","0","0","true"
"26.133333333333333","36","15","true","26.133333333333333","0","0","true"
"26.166666666666668","36","15","true","26.166666666666668","0","0","true"
"26.2","36","15","true","26.2","0","0","true"
"26.233333333333334","36","15","true","26.233333333333334","0","0","true"
"26.266666666666666","36","15","true","26.266666666666666","0","0","true"
"26.3","36","15","true","26.3","0","0","true"
"26.333333333333332","36","15","true","26.333333333333332","0","0","true"
"26.366666666666667","36","15","true","26.366666666666667","0","0","true"
"26.4","36","15","true","26.4","0","0","true"
"26.433333333333334","36","15","true","26.433333333333334","0","0","true"
"26.466666666666665","36","15","true","26.466666666666665","0","0","true"
"26.5","36","15","true","26.5","0","0","true"
"26.533333333333335","36","15","true","26.533333333333335","0","0","true"
"26.566666666666666","36","15","true","26.566666666666666","0","0","true"
"26.6","36","15","true","26.6","0","0","true"
"26.633333333333333","36","15","true","26.633333333333333","0","0","true"
"26.666666666666668","36","15","true","26.666666666666668","0","0","true"
"26.7","36","15","true","26.7","0","0","true"
"26.733333333333334","36","15","true","26.733333333333334","0","0","true"
"26.766666666666666","36","15","true","26.766666666666666","0","0","true"
"26.8","36","15","true","26.8","0","0","true"
"26.833333333333332","36","15","true","26.833333333333332","0","0","true"
"26.866666666666667","36","15","true","26.866666666666667","0","0","true"
"26.9","36","15","true","26.9","0","0","true"
"26.933333333333334","36","15","true","26.933333333333334","0","0","true"
"26.966666666666665","36","15","true","26.966666666666665","0","0","true"
"27","36","15","true","27","0","0","true"
"27.033333333333335","36","15","true","27.033333333333335","0","0","true"
"27.066666666666666","36","15","true","27.066666666666666","0","0","true"
"27.1","36","15","true","27.1","0","0","true"
"27.133333333333333","36","15","true","27.133333333333333","0","0","true"
"27.166666666666668","36","15","true","27.166666666666668","0","0","true"
"27.2","36","15","true","27.2","0","0","true"
"27.233333333333334","36","15","true","27.233333333333334","0","0","true"
"27.266666666666666","36","15","true","27.266666666666666","0","0","true"
"27.3","36","15","true","27.3","0","0","true"
"27.333333333333332","36","15","true","27.333333333333332","0","0","true"
"27.366666666666667","36","15","true","27.366666666666667","0","0","true"
"27.4","36","15","true","27.4","0","0","true"
"27.433333333333334","36","15","true","27.433333333333334","0","0","true"
"27.466666666666665","36","15","true","27.466666666666665","0","0","true"
"27.5","36","15","true","27.5","0","0","true"
"27.533333333333335","36","15","true","27.533333333333335","0","0","true"
"27.566666666666666","36","15","true","27.566666666666666","0","0","true"
"27.6","36","15","true","27.6","0","0","true"
"27.633333333333333","36","15","true","27.633333333333333","0","0","true"
"27.666666666666668","36","15","true","27.666666666666668","0","0","true"
"27.7","36","15","true","27.7","0","0","true"
"27.733333333333334","36","15","true","27.733333333333334","0","0","true"
"27.766666666666666","36","15","true","27.766666666666666","0","0","true"
"27.8","36","15","true","27.8","0","0","true"
"27.833333333333332","36","15","true","27.833333333333332","0","0","true"
"27.866666666666667","36","15","true","27.866666666666667","0","0","true"
"27.9","36","15","true","27.9","0","0","true"
"27.933333333333334","36","15","true","27.933333333333334","0","0","true"
"27.966666666666665","36","15","true","27.966666666666665","0","0","true"
"28","36","15","true","28","0","0","true"
"28.033333333333335","36","15","true","28.033333333333335","0","0","true"
"28.066666666666666","36","15","true","28.066666666666666","0","0","true"
"28.1","36","15","true","28.1","0","0","true"
"28.133333333333333","36","15","true","28.133333333333333","0","0","true"
"28.166666666666668","36","15","true","28.166666666666668","0","0","true"
"28.2","36","15","true","28.2","0","0","true"
"28.233333333333334","36","15","true","28.233333333333334","0","0","true"
"28.266666666666666","36","15","true","28.266666666666666","0","0","true"
"28.3","36","15","true","28.3","0","0","true"
"28.333333333333332","36","15","true","28.333333333333332","0","0","true"
"28.366666666666667","36","15","true","28.366666666666667","0","0","true"
"28.4","36","15","true","28.4","0","0","true"
"28.433333333333334","36","15","true","28.433333333333334","0","0","true"
"28.466666666666665","36","15","true","28.466666666666665","0","0","true"
"28.5","36","15","true","28.5","0","0","true"
"28.533333333333335","36","15","true","28.533333333333335","0","0","true"
"28.566666666666666","36","15","true","28.566666666666666","0","0","true"
"28.6","36","15","true","28.6","0","0","true"
"28.633333333333333","36","15","true","28.633333333333333","0","0","true"
"28.666666666666668","36","15","true","28.666666666666668","0","0","true"
"28.7","36","15","true","28.7","0","0","true"
"28.733333333333334","36","15","true","28.733333333333334","0","0","true"
"28.766666666666666","36","15","true","28.766666666666666","0","0","true"
"28.8","36","15","true","28.8","0","0","true"
"28.833333333333332","36","15","true","28.833333333333332","0","0","true"
"28.866666666666667","36","15","true","28.866666666666667","0","0","true"
"28.9","36","15","true","28.9","0","0","true"
"28.933333333333334","36","15","true","28.933333333333334","0","0","true"
"28.966666666666665","36","15","true","28.966666666666665","0","0","true"
"29","36","15","true","29","0","0","true"
"29.033333333333335","36","15","true","29.033333333333335","0","0","true"
"29.066666666666666","36","15","true","29.066666666666666","0","0","true"
"29.1","36","15","true","29.1","0","0","true"
"29.133333333333333","36","15","true","29.133333333333333","0","0","true"
"29.166666666666668","36","15","true","29.166666666666668","0","0","true"
"29.2","36","15","true","29.2","0","0","true"
"29.233333333333334","36","15","true","29.233333333333334","0","0","true"
"29.266666666666666","36","15","true","29.266666666666666","0","0","true"
"29.3","36","15","true","29.3","0","0","true"
"29.333333333333332","36","15","true","29.333333333333332","0","0","true"
"29.366666666666667","36","15","true","29.366666666666667","0","0","true"
"29.4","36","15","true","29.4","0","0","true"
"29.433333333333334","36","15","true","29.433333333333334","0","0","true"
"29.466666666666665","36","15","true","29.466666666666665","0","0","true"
"29.5","36","15","true","29.5","0","0","true"
"29.533333333333335","36","15","true","29.533333333333335","0","0","true"
"29.566666666666666","36","15","true","29.566666666666666","0","0","true"
"29.6","36","15","true","29.6","0","0","true"
"29.633333333333333","36","15","true","29.633333333333333","0","0","true"
"29.666666666666668","36","15","true","29.666666666666668","0","0","true"
"29.7","36","15","true","29.7","0","0","true"
"29.733333333333334","36","15","true","29.733333333333334","0","0","true"
"29.766666666666666","36","15","true","29.766666666666666","0","0","true"
"29.8","36","15","true","29.8","0","0","true"
"29.833333333333332","36","15","true","29.833333333333332","0","0","true"
"29.866666666666667","36","15","true","29.866666666666667","0","0","true"
"29.9","36","15","true","29.9","0","0","true"
"29.933333333333334","36","15","true","29.933333333333334","0","0","true"
"29.966666666666665","36","15","true","29.966666666666665","0","0","true"
"30","36","15","true","30","0","0","true"
"30.033333333333335","36","15","true","30.033333333333335","0","0","true"
"30.066666666666666","36","15","true","30.066666666666666","0","0","true"
"30.1","36","15","true","30.1","0","0","true"
"30.133333333333333","36","15","true","30.133333333333333","0","0","true"
"30.166666666666668","36","15","true","30.166666666666668","0","0","true"
"30.2","36","15","true","30.2","0","0","true"
"30.233333333333334","36","15","true","30.233333333333334","0","0","true"
"30.266666666666666","36","15","true","30.266666666666666","0","0","true"
"30.3","36","15","true","30.3","0","0","true"
"30.333333333333332","36","15","true","30.333333333333332","0","0","true"
"30.366666666666667","36","15","true","30.366666666666667","0","0","true"
"30.4","36","15","true","30.4","0","0","true"
"30.433333333333334","36","15","true","30.433333333333334","0","0","true"
"30.466666666666665","36","15","true","30.466666666666665","0","0","true"
"30.5","36","15","true","30.5","0","0","true"
"30.533333333333335","36","15","true","30.533333333333335","0","0","true"
"30.566666666666666","36","15","true","30.566666666666666","0","0","true"
"30.6","36","15","true","30.6","4","0","true"
"30.633333333333333","36","15","true","30.633333333333333","4","0","true"
"30.666666666666668","40","15","true","30.666666666666668","4","0","true"
"30.7","40","15","true","30.7","4","0","true"
"30.733333333333334","40","15","true","30.733333333333334","4","0","true"
"30.766666666666666","40","15","true","30.766666666666666","4","0","true"
"30.8","40","15","true","30.8","4","0","true"
"30.833333333333332","40","15","true","30.833333333333332","4","0","true"
"30.866666666666667","40","15","true","30.866666666666667","4","0","true"
"30.9","40","15","true","30.9","4","0","true"
"30.933333333333334","40","15","true","30.933333333333334","4","0","true"
"30.966666666666665","40","15","true","30.966666666666665","4","0","true"
"31","40","15","true","31","4","0","true"
"31.033333333333335","40","15","true","31.033333333333335","4","0","true"
"31.066666666666666","40","15","true","31.066666666666666","4","0","true"
"31.1","40","15","true","31.1","4","0","true"
"31.133333333333333","40","15","true","31.133333333333333","4","0","true"
"31.166666666666668","40","15","true","31.166666666666668","4","0","true"
"31.2","40","15","true","31.2","4","0","true"
"31.233333333333334","40","15","true","31.233333333333334","4","0","true"
"31.266666666666666","40","15","true","31.266666666666666","4","0","true"
"31.3","40","15","true","31.3","4","0","true"
"31.333333333333332","40","15","true","31.333333333333332","4","0","true"
"31.366666666666667","40","15","true","31.366666666666667","4","0","true"
"31.4","40","15","true","31.4","4","0","true"
"31.433333333333334","40","15","true","31.433333333333334","4","0","true"
"31.466666666666665","40","15","true","31.466666666666665","4","0","true"
"31.5","40","15","true","31.5","4","0","true"
"31.533333333333335","40","15","true","31.533333333333335","4","0","true"
"31.566666666666666","40","15","true","31.566666666666666","4","0","true"
"31.6","40","15","true","31.6","4","0","true"
"31.633333333333333","40","15","true","31.633333333333333","4","0","true"
"31.666666666666668","40","15","true","31.666666666666668","4","0","true"
"31.7","40","15","true","31.7","4","0","true"
"31.733333333333334","40","15","true","31.733333333333334","4","0","true"
"31.766666666666666","40","15","true","31.766666666666666","4","0","true"
"31.8","40","15","true","31.8","4","0","true"
"31.833333333333332","40","15","true","31.833333333333332","4","0","true"
"31.866666666666667","40","15","true","31.866666666666667","4","0","true"
"31.9","40","15","true","31.9","4","0","true"
"31.933333333333334","40","15","true","31.933333333333334","4","0","true"
"31.966666666666665","40","15","true","31.966666666666665","4","0","true"
"32","40","15","true","32","4","0","true"
"32.03333333333333","40","15","true","32.03333333333333","4","0","true"
"32.06666666666667","40","15","true","32.06666666666667","4","0","true"
"32.1","40","15","true","32.1","4","0","true"
"32.13333333333333","40","15","true","32.13333333333333","4","0","true"
"32.166666666666664","40","15","true","32.166666666666664","4","0","true"
"32.2","40","15","true","32.2","4","0","true"
"32.233333333333334","40","15","true","32.233333333333334","4","0","true"
"32.266666666666666","40","15","true","32.266666666666666","4","0","true"
"32.3","40","15","true","32.3","4","0","true"
"32.333333333333336","40","15","true","32.333333333333336","4","0","true"
"32.36666666666667","40","15","true","32.36666666666667","4","0","true"
"32.4","40","15","true","32.4","4","0","true"
"32.43333333333333","40","15","true","32.43333333333333","4","0","true"
"32.46666666666667","40","15","true","32.46666666666667","4","0","true"
"32.5","40","15","true","32.5","4","0","true"
"32.53333333333333","40","15","true","32.53333333333333","4","0","true"
"32.56666666666667","40","15","true","32.56666666666667","4","0","true"
"32.6","40","15","true","32.6","4","0","true"
"32.63333333333333","40","15","true","32.63333333333333","4","0","true"
"32.666666666666664","40","15","true","32.666666666666664","4","0","true"
"32.7","40","15","true","32.7","4","0","true"
"32.733333333333334","40","15","true","32.733333333333334","4","0","true"
"32.766666666666666","40","15","true","32.766666666666666","4","0","true"
"32.8","40","15","true","32.8","4","0","true"
"32.833333333333336","40","15","true","32.833333333333336","4","0","true"
"32.86666666666667","40","15","true","32.86666666666667","4","0","true"
"32.9","40","15","true","32.9","4","0","true"
"32.93333333333333","40","15","true","32.93333333333333","4","0","true"
"32.96666666666667","40","15","true","32.96666666666667","4","0","true"
"33","40","15","true","33","4","0","true"
"33.03333333333333","40","15","true","33.03333333333333","4","0","true"
"33.06666666666667","40","15","true","33.06666666666667","4","0","true"
"33.1","40","15","true","33.1","4","0","true"
"33.13333333333333","40","15","true","33.13333333333333","4","0","true"
"33.166666666666664","40","15","true","33.166666666666664","4","0","true"
"33.2","40","15","true","33.2","4","0","true"
"33.233333333333334","40","15","true","33.233333333333334","4","0","true"
"33.266666666666666","40","15","true","33.266666666666666","4","0","true"
"33.3","40","15","true","33.3","4","0","true"
"33.333333333333336","40","15","true","33.333333333333336","4","0","true"
"33.36666666666667","40","15","true","33.36666666666667","4","0","true"
"33.4","40","15","true","33.4","4","0","true"
"33.43333333333333","40","15","true","33.43333333333333","4","0","true"
"33.46666666666667","40","15","true","33.46666666666667","4","0","true"
"33.5","40","15","true","33.5","4","0","true"
"33.53333333333333","40","15","true","33.53333333333333","4","0","true"
"33.56666666666667","40","15","true","33.56666666666667","4","0","true"
"33.6","40","15","true","33.6","4","0","true"
"33.63333333333333","40","15","true","33.63333333333333","4","0","true"
"33.666666666666664","40","15","true","33.666666666666664","4","0","true"
"33.7","40","15","true","33.7","4","0","true"
"33.733333333333334","40","15","true","33.733333333333334","4","0","true"
"33.766666666666666","40","15","true","33.766666666666666","4","0","true"
"33.8","40","15","true","33.8","4","0","true"
"33.833333333333336","40","15","true","33.833333333333336","4","0","true"
"33.86666666666667","40","15","true","33.86666666666667","4","0","true"
"33.9","40","15","true","33.9","4","0","true"
"33.93333333333333","40","15","true","33.93333333333333","4","0","true"
"33.96666666666667","40","15","true","33.96666666666667","4","0","true"
"34","40","15","true","34","4","0","true"
"34.03333333333333","40","15","true","34.03333333333333","4","0","true"
"34.06666666666667","40","15","true","34.06666666666667","4","0","true"
"34.1","40","15","true","34.1","4","0","true"
"34.13333333333333","40","15","true","34.13333333333333","4","0","true"
"34.166666666666664","40","15","true","34.166666666666664","4","0","true"
"34.2","40","15","true","34.2","4","0","true"
"34.233333333333334","40","15","true","34.233333333333334","4","0","true"
"34.266666666666666","40","15","true","34.266666666666666","4","0","true"
"34.3","40","15","true","34.3","4","0","true"
"34.333333333333336","40","15","true","34.333333333333336","4","0","true"
"34.36666666666667","40","15","true","34.36666666666667","4","0","true"
"34.4","40","15","true","34.4","4","0","true"
"34.43333333333333","40","15","true","34.43333333333333","4","0","true"
"34.46666666666667","40","15","true","34.46666666666667","4","0","true"
"34.5","40","15","true","34.5","4","0","true"
"34.53333333333333","40","15","true","34.53333333333333","4","0","true"
"34.56666666666667","40","15","true","34.56666666666667","4","0","true"
"34.6","40","15","true","34.6","4","0","true"
"34.63333333333333","40","15","true","34.63333333333333","4","0","true"
"34.666666666666664","40","15","true","34.666666666666664","4","0","true"
"34.7","40","15","true","34.7","4","0","true"
"34.733333333333334","40","15","true","34.733333333333334","4","0","true"
"34.766666666666666","40","15","true","34.766666666666666","4","0","true"
"34.8","40","15","true","34.8","4","0","true"
"34.833333333333336","40","15","true","34.833333333333336","4","0","true"
"34.86666666666667","40","15","true","34.86666666666667","4","0","true"
"34.9","40","15","true","34.9","4","0","true"
"34.93333333333333","40","15","true","34.93333333333333","4","0","true"
"34.96666666666667","40","15","true","34.96666666666667","4","0","true"
"35","40","15","true","35","4","0","true"
"35.03333333333333","40","15","true","35.03333333333333","4","0","true"
"35.06666666666667","40","15","true","35.06666666666667","4","0","true"
"35.1","44","15","true","35.1","4","0","true"
"35.13333333333333","44","15","true","35.13333333333333","4","0","true"
"35.166666666666664","44","15","true","35.166666666666664","8","0","true"
"35.2","44","15","true","35.2","8","0","true"
"35.233333333333334","44","15","true","35.233333333333334","8","0","true"
"35.266666666666666","44","15","true","35.266666666666666","8","0","true"
"35.3","44","15","true","35.3","8","0","true"
"35.333333333333336","44","15","true","35.333333333333336","8","0","true"
"35.36666666666667","44","15","true","35.36666666666667","8","0","true"
"35.4","44","15","true","35.4","8","0","true"
"35.43333333333333","44","15","true","35.43333333333333","8","0","true"
"35.46666666666667","44","15","true","35.46666666666667","8","0","true"
"35.5","44","15","true","35.5","8","0","true"
"35.53333333333333","44","15","true","35.53333333333333","8","0","true"
"35.56666666666667","44","15","true","35.56666666666667","8","0","true"
"35.6","44","15","true","35.6","8","0","true"
"35.63333333333333","44","15","true","35.63333333333333","8","0","true"
"35.666666666666664","44","15","true","35.666666666666664","8","0","true"
"35.7","44","15","true","35.7","8","0","true"
"35.733333333333334","44","15","true","35.733333333333334","8","0","true"
"35.766666666666666","44","15","true","35.766666666666666","8","0","true"
"35.8","44","15","true","35.8","8","0","true"
"35.833333333333336","44","15","true","35.833333333333336","8","0","true"
"35.86666666666667","44","15","true","35.86666666666667","8","0","true"
"35.9","44","15","true","35.9","8","0","true"
"35.93333333333333","44","15","true","35.93333333333333","8","0","true"
"35.96666666666667","44","15","true","35.96666666666667","8","0","true"
"36","44","15","true","36","8","0","true"
"36.03333333333333","44","15","true","36.03333333333333","8","0","true"
"36.06666666666667","44","15","true","36.06666666666667","8","0","true"
"36.1","44","15","true","36.1","8","0","true"
"36.13333333333333","44","15","true","36.13333333333333","8","0","true"
"36.166666666666664","44","15","true","36.166666666666664","8","0","true"
"36.2","44","15","true","36.2","8","0","true"
"36.233333333333334","44","15","true","36.233333333333334","8","0","true"
"36.266666666666666","44","15","true","36.266666666666666","8","0","true"
"36.3","44","15","true","36.3","8","0","true"
"36.333333333333336","44","15","true","36.333333333333336","8","0","true"
"36.36666666666667","44","15","true","36.36666666666667","8","0","true"
"36.4","44","15","true","36.4","8","0","true"
"36.43333333333333","44","15","true","36.43333333333333","8","0","true"
"36.46666666666667","44","15","true","36.46666666666667","8","0","true"
"36.5","44","15","true","36.5","8","0","true"
"36.53333333333333","44","15","true","36.53333333333333","8","0","true"
"36.56666666666667","44","15","true","36.56666666666667","8","0","true"
"36.6","44","15","true","36.6","8","0","true"
"36.63333333333333","44","15","true","36.63333333333333","8","0","true"
"36.666666666666664","44","15","true","36.666666666666664","8","0","true"
"36.7","44","15","true","36.7","8","0","true"
"36.733333333333334","44","15","true","36.733333333333334","8","0","true"
"36.766666666666666","44","15","true","36.766666666666666","8","0","true"
"36.8","44","15","true","36.8","8","0","true"
"36.833333333333336","44","15","true","36.833333333333336","8","0","true"
"36.86666666666667","44","15","true","36.86666666666667","8","0","true"
"36.9","44","15","true","36.9","8","0","true"
"36.93333333333333","44","15","true","36.93333333333333","8","0","true"
"36.96666666666667","44","15","true","36.96666666666667","8","0","true"
"37","44","15","true","37","8","0","true"
"37.03333333333333","44","15","true","37.03333333333333","8","0","true"
"37.06666666666667","44","15","true","37.06666666666667","8","0","true"
"37.1","44","15","true","37.1","8","0","true"
"37.13333333333333","44","15","true","37.13333333333333","8","0","true"
"37.166666666666664","44","15","true","37.166666666666664","8","0","true"
"37.2","44","15","true","37.2","8","0","true"
"37.233333333333334","44","15","true","37.233333333333334","8","0","true"
"37.266666666666666","44","15","true","37.266666666666666","8","0","true"
"37.3","44","15","true","37.3","8","0","true"
"37.333333333333336","44","15","true","37.333333333333336","8","0","true"
"37.36666666666667","44","15","true","37.36666666666667","8","0","true"
"37.4","44","15","true","37.4","8","0","true"
"37.43333333333333","44","15","true","37.43333333333333","8","0","true"
"37.46666666666667","44","15","true","37.46666666666667","8","0","true"
"37.5","44","15","true","37.5","8","0","true"
"37.53333333333333","44","15","true","37.53333333333333","8","0","true"
"37.56666666666667","44","15","true","37.56666666666667","8","0","true"
"37.6","44","15","true","37.6","8","0","true"
"37.63333333333333","48","15","true","37.63333333333333","8","0","true"
"37.666666666666664","48","15","true","37.666666666666664","8","0","true"
"37.7","48","15","true","37.7","8","0","true"
"37.733333333333334","48","15","true","37.733333333333334","8","0","true"
"37.766666666666666","48","15","true","37.766666666666666","8","0","true"
"37.8","48","15","true","37.8","8","0","true"
"37.833333333333336","48","15","true","37.833333333333336","8","0","true"
"37.86666666666667","48","15","true","37.86666666666667","8","0","true"
"37.9","48","15","true","37.9","8","0","true"
"37.93333333333333","48","15","true","37.93333333333333","8","0","true"
"37.96666666666667","48","15","true","37.96666666666667","8","0","true"
"38","48","15","true","38","8","0","true"
"38.03333333333333","48","15","true","38.03333333333333","8","0","true"
"38.06666666666667","48","15","true","38.06666666666667","8","0","true"
"38.1","48","15","true","38.1","8","0","true"
"38.13333333333333","48","15","true","38.13333333333333","8","0","true"
"38.166666666666664","48","15","true","38.166666666666664","8","0","true"
"38.2","48","15","true","38.2","8","0","true"
"38.233333333333334","48","15","true","38.233333333333334","8","0","true"
"38.266666666666666","48","15","true","38.266666666666666","8","0","true"
"38.3","48","15","true","38.3","8","0","true"
"38.333333333333336","48","15","true","38.333333333333336","8","0","true"
"38.36666666666667","48","15","true","38.36666666666667","8","0","true"
"38.4","48","15","true","38.4","8","0","true"
"38.43333333333333","48","15","true","38.43333333333333","8","0","true"
"38.46666666666667","48","15","true","38.46666666666667","8","0","true"
"38.5","48","15","true","38.5","8","0","true"
"38.53333333333333","48","15","true","38.53333333333333","8","0","true"
"38.56666666666667","48","15","true","38.56666666666667","8","0","true"
"38.6","48","15","true","38.6","8","0","true"
"38.63333333333333","48","15","true","38.63333333333333","8","0","true"
"38.666666666666664","48","15","true","38.666666666666664","8","0","true"
"38.7","48","15","true","38.7","8","0","true"
"38.733333333333334","48","15","true","38.733333333333334","8","0","true"
"38.766666666666666","48","15","true","38.766666666666666","8","0","true"
"38.8","48","15","true","38.8","8","0","true"
"38.833333333333336","48","15","true","38.833333333333336","8","0","true"
"38.86666666666667","48","15","true","38.86666666666667","8","0","true"
"38.9","48","15","true","38.9","8","0","true"
"38.93333333333333","48","15","true","38.93333333333333","8","0","true"
"38.96666666666667","48","15","true","38.96666666666667","8","0","true"
"39","48","15","true","39","8","0","true"
"39.03333333333333","48","15","true","39.03333333333333","8","0","true"
"39.06666666666667","48","15","true","39.06666666666667","8","0","true"
"39.1","48","15","true","39.1","8","0","true"
"39.13333333333333","48","15","true","39.13333333333333","8","0","true"
"39.166666666666664","48","15","true","39.166666666666664","8","0","true"
"39.2","48","15","true","39.2","12","0","true"
"39.233333333333334","48","15","true","39.233333333333334","12","0","true"
"39.266666666666666","48","15","true","39.266666666666666","12","0","true"
"39.3","48","15","true","39.3","12","0","true"
"39.333333333333336","48","15","true","39.333333333333336","12","0","true"
"39.36666666666667","48","15","true","39.36666666666667","12","0","true"
"39.4","48","15","true","39.4","12","0","true"
"39.43333333333333","48","15","true","39.43333333333333","12","0","true"
"39.46666666666667","48","15","true","39.46666666666667","12","0","true"
"39.5","48","15","true","39.5","12","0","true"
"39.53333333333333","48","15","true","39.53333333333333","12","0","true"
"39.56666666666667","52","15","true","39.56666666666667","12","0","true"
"39.6","52","15","true","39.6","12","0","true"
"39.63333333333333","52","15","true","39.63333333333333","12","0","true"
"39.666666666666664","52","15","true","39.666666666666664","12","0","true"
"39.7","52","15","true","39.7","12","0","true"
"39.733333333333334","52","15","true","39.733333333333334","12","0","true"
"39.766666666666666","52","15","true","39.766666666666666","12","0","true"
"39.8","52","15","true","39.8","12","0","true"
"39.833333333333336","52","15","true","39.833333333333336","12","0","true"
"39.86666666666667","52","15","true","39.86666666666667","12","0","true"
"39.9","52","15","true","39.9","12","0","true"
"39.93333333333333","52","15","true","39.93333333333333","12","0","true"
"39.96666666666667","52","15","true","39.96666666666667","12","0","true"
"40","52","15","true","40","12","0","true"
"40.03333333333333","52","15","true","40.03333333333333","12","0","true"
"40.06666666666667","52","15","true","40.06666666666667","12","0","true"
"40.1","52","15","true","40.1","12","0","true"
"40.13333333333333","52","15","true","40.13333333333333","12","0","true"
"40.166666666666664","52","15","true","40.166666666666664","12","0","true"
"40.2","52","15","true","40.2","12","0","true"
"40.233333333333334","52","15","true","40.233333333333334","12","0","true"
"40.266666666666666","52","15","true","40.266666666666666","12","0","true"
"40.3","52","15","true","40.3","12","0","true"
"40.333333333333336","52","15","true","40.333333333333336","12","0","true"
"40.36666666666667","52","15","true","40.36666666666667","12","0","true"
"40.4","52","15","true","40.4","12","0","true"
"40.43333333333333","52","15","true","40.43333333333333","12","0","true"
"40.46666666666667","52","15","true","40.46666666666667","12","0","true"
"40.5","52","15","true","40.5","12","0","true"
"40.53333333333333","52","15","true","40.53333333333333","12","0","true"
"40.56666666666667","52","15","true","40.56666666666667","12","0","true"
"40.6","52","15","true","40.6","12","0","true"
"40.63333333333333","52","15","true","40.63333333333333","12","0","true"
"40.666666666666664","52","15","true","40.666666666666664","12","0","true"
"40.7","52","15","true","40.7","12","0","true"
"40.733333333333334","52","15","true","40.733333333333334","12","0","true"
"40.766666666666666","52","15","true","40.766666666666666","12","0","true"
"40.8","52","15","true","40.8","12","0","true"
"40.833333333333336","52","15","true","40.833333333333336","12","0","true"
"40.86666666666667","52","15","true","40.86666666666667","12","0","true"
"40.9","52","15","true","40.9","12","0","true"
"40.93333333333333","52","15","true","40.93333333333333","12","0","true"
"40.96666666666667","52","15","true","40.96666666666667","12","0","true"
"41","52","15","true","41","12","0","true"
"41.03333333333333","52","15","true","41.03333333333333","12","0","true"
"41.06666666666667","52","15","true","41.06666666666667","12","0","true"
"41.1","52","15","true","41.1","12","0","true"
"41.13333333333333","52","15","true","41.13333333333333","12","0","true"
"41.166666666666664","52","15","true","41.166666666666664","12","0","true"
"41.2","52","15","true","41.2","12","0","true"
"41.233333333333334","52","15","true","41.233333333333334","12","0","true"
"41.266666666666666","52","15","true","41.266666666666666","12","0","true"
"41.3","52","15","true","41.3","12","0","true"
"41.333333333333336","52","15","true","41.333333333333336","12","0","true"
"41.36666666666667","52","15","true","41.36666666666667","12","0","true"
"41.4","52","15","true","41.4","12","0","true"
"41.43333333333333","52","15","true","41.43333333333333","12","0","true"
"41.46666666666667","52","15","true","41.46666666666667","12","0","true"
"41.5","52","15","true","41.5","12","0","true"
"41.53333333333333","52","15","true","41.53333333333333","12","0","true"
"41.56666666666667","52","15","true","41.56666666666667","12","0","true"
"41.6","52","15","true","41.6","12","0","true"
"41.63333333333333","52","15","true","41.63333333333333","12","0","true"
"41.666666666666664","52","15","true","41.666666666666664","12","0","true"
"41.7","52","15","true","41.7","12","0","true"
"41.733333333333334","52","15","true","41.733333333333334","12","0","true"
"41.766666666666666","52","15","true","41.766666666666666","12","0","true"
"41.8","52","15","true","41.8","12","0","true"
"41.833333333333336","52","15","true","41.833333333333336","12","0","true"
"41.86666666666667","52","15","true","41.86666666666667","12","0","true"
"41.9","52","15","true","41.9","12","0","true"
"41.93333333333333","52","15","true","41.93333333333333","12","0","true"
"41.96666666666667","52","15","true","41.96666666666667","12","0","true"
"42","52","15","true","42","12","0","true"
"42.03333333333333","52","15","true","42.03333333333333","12","0","true"
"42.06666666666667","52","15","true","42.06666666666667","12","0","true"
"42.1","52","15","true","42.1","12","0","true"
"42.13333333333333","52","15","true","42.13333333333333","12","0","true"
"42.166666666666664","52","15","true","42.166666666666664","12","0","true"
"42.2","52","15","true","42.2","12","0","true"
"42.233333333333334","52","15","true","42.233333333333334","12","0","true"
"42.266666666666666","52","15","true","42.266666666666666","12","0","true"
"42.3","52","15","true","42.3","12","0","true"
"42.333333333333336","52","15","true","42.333333333333336","12","0","true"
"42.36666666666667","52","15","true","42.36666666666667","12","0","true"
"42.4","52","15","true","42.4","12","0","true"
"42.43333333333333","52","15","true","42.43333333333333","12","0","true"
"42.46666666666667","52","15","true","42.46666666666667","12","0","true"
"42.5","52","15","true","42.5","12","0","true"
"42.53333333333333","52","15","true","42.53333333333333","12","0","true"
"42.56666666666667","56.00000000000001","15","true","42.56666666666667","12","0","true"
"42.6","56.00000000000001","15","true","42.6","12","0","true"
"42.63333333333333","56.00000000000001","15","true","42.63333333333333","12","0","true"
"42.666666666666664","56.00000000000001","15","true","42.666666666666664","12","0","true"
"42.7","56.00000000000001","15","true","42.7","12","0","true"
"42.733333333333334","56.00000000000001","15","true","42.733333333333334","12","0","true"
"42.766666666666666","56.00000000000001","15","true","42.766666666666666","12","0","true"
"42.8","56.00000000000001","15","true","42.8","12","0","true"
"42.833333333333336","56.00000000000001","15","true","42.833333333333336","12","0","true"
"42.86666666666667","56.00000000000001","15","true","42.86666666666667","12","0","true"
"42.9","56.00000000000001","15","true","42.9","12","0","true"
"42.93333333333333","56.00000000000001","15","true","42.93333333333333","12","0","true"
"42.96666666666667","56.00000000000001","15","true","42.96666666666667","12","0","true"
"43","56.00000000000001","15","true","43","12","0","true"
"43.03333333333333","56.00000000000001","15","true","43.03333333333333","12","0","true"
"43.06666666666667","56.00000000000001","15","true","43.06666666666667","12","0","true"
"43.1","56.00000000000001","15","true","43.1","12","0","true"
"43.13333333333333","56.00000000000001","15","true","43.13333333333333","12","0","true"
"43.166666666666664","56.00000000000001","15","true","43.166666666666664","12","0","true"
"43.2","56.00000000000001","15","true","43.2","12","0","true"
"43.233333333333334","56.00000000000001","15","true","43.233333333333334","12","0","true"
"43.266666666666666","56.00000000000001","15","true","43.266666666666666","12","0","true"
"43.3","56.00000000000001","15","true","43.3","12","0","true"
"43.333333333333336","56.00000000000001","15","true","43.333333333333336","12","0","true"
"43.36666666666667","56.00000000000001","15","true","43.36666666666667","12","0","true"
"43.4","56.00000000000001","15","true","43.4","12","0","true"
"43.43333333333333","56.00000000000001","15","true","43.43333333333333","12","0","true"
"43.46666666666667","56.00000000000001","15","true","43.46666666666667","12","0","true"
"43.5","56.00000000000001","15","true","43.5","12","0","true"
"43.53333333333333","56.00000000000001","15","true","43.53333333333333","12","0","true"
"43.56666666666667","56.00000000000001","15","true","43.56666666666667","12","0","true"
"43.6","56.00000000000001","15","true","43.6","12","0","true"
"43.63333333333333","56.00000000000001","15","true","43.63333333333333","12","0","true"
"43.666666666666664","56.00000000000001","15","true","43.666666666666664","12","0","true"
"43.7","56.00000000000001","15","true","43.7","12","0","true"
"43.733333333333334","56.00000000000001","15","true","43.733333333333334","12","0","true"
"43.766666666666666","56.00000000000001","15","true","43.766666666666666","12","0","true"
"43.8","56.00000000000001","15","true","43.8","12","0","true"
"43.833333333333336","56.00000000000001","15","true","43.833333333333336","12","0","true"
"43.86666666666667","56.00000000000001","15","true","43.86666666666667","12","0","true"
"43.9","56.00000000000001","15","true","43.9","12","0","true"
"43.93333333333333","56.00000000000001","15","true","43.93333333333333","12","0","true"
"43.96666666666667","56.00000000000001","15","true","43.96666666666667","12","0","true"
"44","56.00000000000001","15","true","44","12","0","true"
"44.03333333333333","56.00000000000001","15","true","44.03333333333333","12","0","true"
"44.06666666666667","56.00000000000001","15","true","44.06666666666667","12","0","true"
"44.1","56.00000000000001","15","true","44.1","12","0","true"
"44.13333333333333","56.00000000000001","15","true","44.13333333333333","12","0","true"
"44.166666666666664","56.00000000000001","15","true","44.166666666666664","12","0","true"
"44.2","56.00000000000001","15","true","44.2","12","0","true"
"44.233333333333334","56.00000000000001","15","true","44.233333333333334","12","0","true"
"44.266666666666666","56.00000000000001","15","true","44.266666666666666","12","0","true"
"44.3","56.00000000000001","15","true","44.3","12","0","true"
"44.333333333333336","56.00000000000001","15","true","44.333333333333336","12","0","true"
"44.36666666666667","56.00000000000001","15","true","44.36666666666667","12","0","true"
"44.4","56.00000000000001","15","true","44.4","12","0","true"
"44.43333333333333","56.00000000000001","15","true","44.43333333333333","12","0","true"
"44.46666666666667","56.00000000000001","15","true","44.46666666666667","12","0","true"
"44.5","56.00000000000001","15","true","44.5","12","0","true"
"44.53333333333333","56.00000000000001","15","true","44.53333333333333","12","0","true"
"44.56666666666667","56.00000000000001","15","true","44.56666666666667","12","0","true"
"44.6","56.00000000000001","15","true","44.6","12","0","true"
"44.63333333333333","56.00000000000001","15","true","44.63333333333333","12","0","true"
"44.666666666666664","56.00000000000001","15","true","44.666666666666664","12","0","true"
"44.7","56.00000000000001","15","true","44.7","12","0","true"
"44.733333333333334","56.00000000000001","15","true","44.733333333333334","12","0","true"
"44.766666666666666","60","15","true","44.766666666666666","12","0","true"
"44.8","60","15","true","44.8","12","0","true"
"44.833333333333336","60","15","true","44.833333333333336","12","0","true"
"44.86666666666667","60","15","true","44.86666666666667","12","0","true"
"44.9","60","15","true","44.9","12","0","true"
"44.93333333333333","60","15","true","44.93333333333333","12","0","true"
"44.96666666666667","60","15","true","44.96666666666667","12","0","true"
"45","60","15","true","45","12","0","true"
"45.03333333333333","60","15","true","45.03333333333333","12","0","true"
"45.06666666666667","60","15","true","45.06666666666667","12","0","true"
"45.1","60","15","true","45.1","12","0","true"
"45.13333333333333","60","15","true","45.13333333333333","12","0","true"
"45.166666666666664","60","15","true","45.166666666666664","12","0","true"
"45.2","60","15","true","45.2","12","0","true"
"45.233333333333334","60","15","true","45.233333333333334","12","0","true"
"45.266666666666666","60","15","true","45.266666666666666","12","0","true"
"45.3","60","15","true","45.3","12","0","true"
"45.333333333333336","60","15","true","45.333333333333336","12","0","true"
"45.36666666666667","60","15","true","45.36666666666667","12","0","true"
"45.4","60","15","true","45.4","12","0","true"
"45.43333333333333","60","15","true","45.43333333333333","12","0","true"
"45.46666666666667","60","15","true","45.46666666666667","12","0","true"
"45.5","60","15","true","45.5","12","0","true"
"45.53333333333333","60","15","true","45.53333333333333","12","0","true"
"45.56666666666667","60","15","true","45.56666666666667","12","0","true"
"45.6","60","15","true","45.6","12","0","true"
"45.63333333333333","60","15","true","45.63333333333333","12","0","true"
"45.666666666666664","60","15","true","45.666666666666664","12","0","true"
"45.7","60","15","true","45.7","12","0","true"
"45.733333333333334","60","15","true","45.733333333333334","12","0","true"
"45.766666666666666","60","15","true","45.766666666666666","12","0","true"
"45.8","60","15","true","45.8","12","0","true"
"45.833333333333336","60","15","true","45.833333333333336","12","0","true"
"45.86666666666667","60","15","true","45.86666666666667","12","0","true"
"45.9","60","15","true","45.9","12","0","true"
"45.93333333333333","60","15","true","45.93333333333333","12","0","true"
"45.96666666666667","60","15","true","45.96666666666667","12","0","true"
"46","60","15","true","46","12","0","true"
"46.03333333333333","60","15","true","46.03333333333333","12","0","true"
"46.06666666666667","60","15","true","46.06666666666667","12","0","true"
"46.1","60","15","true","46.1","12","0","true"
"46.13333333333333","60","15","true","46.13333333333333","12","0","true"
"46.166666666666664","60","15","true","46.166666666666664","12","0","true"
"46.2","60","15","true","46.2","12","0","true"
"46.233333333333334","60","15","true","46.233333333333334","12","0","true"
"46.266666666666666","60","15","true","46.266666666666666","12","0","true"
"46.3","60","15","true","46.3","12","0","true"
"46.333333333333336","60","15","true","46.333333333333336","12","0","true"
"46.36666666666667","60","15","true","46.36666666666667","12","0","true"
"46.4","60","15","true","46.4","12","0","true"
"46.43333333333333","60","15","true","46.43333333333333","12","0","true"
"46.46666666666667","60","15","true","46.46666666666667","12","0","true"
"46.5","60","15","true","46.5","12","0","true"
"46.53333333333333","60","15","true","46.53333333333333","12","0","true"
"46.56666666666667","60","15","true","46.56666666666667","12","0","true"
"46.6","60","15","true","46.6","12","0","true"
"46.63333333333333","60","15","true","46.63333333333333","12","0","true"
"46.666666666666664","60","15","true","46.666666666666664","12","0","true"
"46.7","60","15","true","46.7","12","0","true"
"46.733333333333334","60","15","true","46.733333333333334","12","0","true"
"46.766666666666666","60","15","true","46.766666666666666","12","0","true"
"46.8","60","15","true","46.8","12","0","true"
"46.833333333333336","60","15","true","46.833333333333336","12","0","true"
"46.86666666666667","60","15","true","46.86666666666667","12","0","true"
"46.9","64","15","true","46.9","12","0","true"
"46.93333333333333","64","15","true","46.93333333333333","12","0","true"
"46.96666666666667","64","15","true","46.96666666666667","12","0","true"
"47","64","15","true","47","12","0","true"
"47.03333333333333","64","15","true","47.03333333333333","12","0","true"
"47.06666666666667","64","15","true","47.06666666666667","12","0","true"
"47.1","64","15","true","47.1","12","0","true"
"47.13333333333333","64","15","true","47.13333333333333","12","0","true"
"47.166666666666664","64","15","true","47.166666666666664","12","0","true"
"47.2","64","15","true","47.2","12","0","true"
"47.233333333333334","64","15","true","47.233333333333334","12","0","true"
"47.266666666666666","64","15","true","47.266666666666666","12","0","true"
"47.3","64","15","true","47.3","12","0","true"
"47.333333333333336","64","15","true","47.333333333333336","12","0","true"
"47.36666666666667","64","15","true","47.36666666666667","12","0","true"
"47.4","64","15","true","47.4","12","0","true"
"47.43333333333333","64","15","true","47.43333333333333","12","0","true"
"47.46666666666667","64","15","true","47.46666666666667","12","0","true"
"47.5","64","15","true","47.5","12","0","true"
"47.53333333333333","64","15","true","47.53333333333333","12","0","true"
"47.56666666666667","64","15","true","47.56666666666667","12","0","true"
"47.6","64","15","true","47.6","12","0","true"
"47.63333333333333","64","15","true","47.63333333333333","12","0","true"
"47.666666666666664","64","15","true","47.666666666666664","12","0","true"
"47.7","64","15","true","47.7","12","0","true"
"47.733333333333334","64","15","true","47.733333333333334","12","0","true"
"47.766666666666666","64","15","true","47.766666666666666","12","0","true"
"47.8","64","15","true","47.8","12","0","true"
"47.833333333333336","64","15","true","47.833333333333336","12","0","true"
"47.86666666666667","64","15","true","47.86666666666667","12","0","true"
"47.9","64","15","true","47.9","12","0","true"
"47.93333333333333","64","15","true","47.93333333333333","12","0","true"
"47.96666666666667","64","15","true","47.96666666666667","12","0","true"
"48","64","15","true","48","12","0","true"
"48.03333333333333","64","15","true","48.03333333333333","12","0","true"
"48.06666666666667","64","15","true","48.06666666666667","12","0","true"
"48.1","64","15","true","48.1","12","0","true"
"48.13333333333333","64","15","true","48.13333333333333","12","0","true"
"48.166666666666664","64","15","true","48.166666666666664","12","0","true"
"48.2","64","15","true","48.2","12","0","true"
"48.233333333333334","64","15","true","48.233333333333334","12","0","true"
"48.266666666666666","64","15","true","48.266666666666666","12","0","true"
"48.3","64","15","true","48.3","12","0","true"
"48.333333333333336","64","15","true","48.333333333333336","12","0","true"
"48.36666666666667","64","15","true","48.36666666666667","12","0","true"
"48.4","64","15","true","48.4","12","0","true"
"48.43333333333333","64","15","true","48.43333333333333","12","0","true"
"48.46666666666667","64","15","true","48.46666666666667","12","0","true"
"48.5","64","15","true","48.5","12","0","true"
"48.53333333333333","64","15","true","48.53333333333333","12","0","true"
"48.56666666666667","64","15","true","48.56666666666667","12","0","true"
"48.6","64","15","true","48.6","12","0","true"
"48.63333333333333","64","15","true","48.63333333333333","12","0","true"
"48.666666666666664","64","15","true","48.666666666666664","12","0","true"
"48.7","64","15","true","48.7","12","0","true"
"48.733333333333334","64","15","true","48.733333333333334","12","0","true"
"48.766666666666666","64","15","true","48.766666666666666","12","0","true"
"48.8","64","15","true","48.8","12","0","true"
"48.833333333333336","64","15","true","48.833333333333336","12","0","true"
"48.86666666666667","64","15","true","48.86666666666667","12","0","true"
"48.9","64","15","true","48.9","16","0","true"
"48.93333333333333","64","15","true","48.93333333333333","16","0","true"
"48.96666666666667","64","15","true","48.96666666666667","16","0","true"
"49","64","15","true","49","16","0","true"
"49.03333333333333","64","15","true","49.03333333333333","16","0","true"
"49.06666666666667","64","15","true","49.06666666666667","16","0","true"
"49.1","64","15","true","49.1","16","0","true"
"49.13333333333333","64","15","true","49.13333333333333","16","0","true"
"49.166666666666664","64","15","true","49.166666666666664","16","0","true"
"49.2","64","15","true","49.2","16","0","true"
"49.233333333333334","64","15","true","49.233333333333334","16","0","true"
"49.266666666666666","64","15","true","49.266666666666666","16","0","true"
"49.3","64","15","true","49.3","20","0","true"
"49.333333333333336","64","15","true","49.333333333333336","20","0","true"
"49.36666666666667","64","15","true","49.36666666666667","20","0","true"
"49.4","64","15","true","49.4","20","0","true"
"49.43333333333333","64","15","true","49.43333333333333","20","0","true"
"49.46666666666667","64","15","true","49.46666666666667","20","0","true"
"49.5","64","15","true","49.5","20","0","true"
"49.53333333333333","64","15","true","49.53333333333333","20","0","true"
"49.56666666666667","64","15","true","49.56666666666667","20","0","true"
"49.6","64","15","true","49.6","20","0","true"
"49.63333333333333","64","15","true","49.63333333333333","20","0","true"
"49.666666666666664","64","15","true","49.666666666666664","20","0","true"
"49.7","64","15","true","49.7","20","0","true"
"49.733333333333334","64","15","true","49.733333333333334","20","0","true"
"49.766666666666666","64","15","true","49.766666666666666","20","0","true"
"49.8","64","15","true","49.8","20","0","true"
"49.833333333333336","64","15","true","49.833333333333336","20","0","true"
"49.86666666666667","64","15","true","49.86666666666667","20","0","true"
"49.9","64","15","true","49.9","20","0","true"
"49.93333333333333","64","15","true","49.93333333333333","20","0","true"
"49.96666666666667","64","15","true","49.96666666666667","20","0","true"
"50","64","15","true","50","20","0","true"
"50.03333333333333","64","15","true","50.03333333333333","20","0","true"
"50.06666666666667","64","15","true","50.06666666666667","20","0","true"
"50.1","64","15","true","50.1","20","0","true"
"50.13333333333333","64","15","true","50.13333333333333","20","0","true"
"50.166666666666664","64","15","true","50.166666666666664","20","0","true"
"50.2","64","15","true","50.2","20","0","true"
"50.233333333333334","64","15","true","50.233333333333334","20","0","true"
"50.266666666666666","64","15","true","50.266666666666666","20","0","true"
"50.3","64","15","true","50.3","20","0","true"
"50.333333333333336","64","15","true","50.333333333333336","20","0","true"
"50.36666666666667","64","15","true","50.36666666666667","20","0","true"
"50.4","64","15","true","50.4","20","0","true"
"50.43333333333333","64","15","true","50.43333333333333","20","0","true"
"50.46666666666667","64","15","true","50.46666666666667","20","0","true"
"50.5","64","15","true","50.5","20","0","true"
"50.53333333333333","64","15","true","50.53333333333333","20","0","true"
"50.56666666666667","64","15","true","50.56666666666667","20","0","true"
"50.6","64","15","true","50.6","20","0","true"
"50.63333333333333","64","15","true","50.63333333333333","20","0","true"
"50.666666666666664","64","15","true","50.666666666666664","20","0","true"
"50.7","64","15","true","50.7","20","0","true"
"50.733333333333334","64","15","true","50.733333333333334","20","0","true"
"50.766666666666666","64","15","true","50.766666666666666","20","0","true"
"50.8","64","15","true","50.8","20","0","true"
"50.833333333333336","64","15","true","50.833333333333336","20","0","true"
"50.86666666666667","64","15","true","50.86666666666667","20","0","true"
"50.9","64","15","true","50.9","20","0","true"
"50.93333333333333","64","15","true","50.93333333333333","20","0","true"
"50.96666666666667","64","15","true","50.96666666666667","20","0","true"
"51","64","15","true","51","20","0","true"
"51.03333333333333","64","15","true","51.03333333333333","20","0","true"
"51.06666666666667","64","15","true","51.06666666666667","20","0","true"
"51.1","64","15","true","51.1","20","0","true"
"51.13333333333333","64","15","true","51.13333333333333","20","0","true"
"51.166666666666664","64","15","true","51.166666666666664","20","0","true"
"51.2","64","15","true","51.2","20","0","true"
"51.233333333333334","64","15","true","51.233333333333334","20","0","true"
"51.266666666666666","64","15","true","51.266666666666666","20","0","true"
"51.3","64","15","true","51.3","20","0","true"
"51.333333333333336","64","15","true","51.333333333333336","20","0","true"
"51.36666666666667","64","15","true","51.36666666666667","20","0","true"
"51.4","64","15","true","51.4","20","0","true"
"51.43333333333333","64","15","true","51.43333333333333","20","0","true"
"51.46666666666667","64","15","true","51.46666666666667","20","0","true"
"51.5","64","15","true","51.5","20","0","true"
"51.53333333333333","64","15","true","51.53333333333333","20","0","true"
"51.56666666666667","64","15","true","51.56666666666667","20","0","true"
"51.6","64","15","true","51.6","20","0","true"
"51.63333333333333","64","15","true","51.63333333333333","20","0","true"
"51.666666666666664","64","15","true","51.666666666666664","20","0","true"
"51.7","64","15","true","51.7","20","0","true"
"51.733333333333334","64","15","true","51.733333333333334","20","0","true"
"51.766666666666666","64","15","true","51.766666666666666","20","0","true"
"51.8","64","15","true","51.8","20","0","true"
"51.833333333333336","64","15","true","51.833333333333336","20","0","true"
"51.86666666666667","64","15","true","51.86666666666667","20","0","true"
"51.9","64","15","true","51.9","20","0","true"
"51.93333333333333","64","15","true","51.93333333333333","20","0","true"
"51.96666666666667","64","15","true","51.96666666666667","20","0","true"
"52","64","15","true","52","20","0","true"
"52.03333333333333","64","15","true","52.03333333333333","20","0","true"
"52.06666666666667","64","15","true","52.06666666666667","20","0","true"
"52.1","64","15","true","52.1","20","0","true"
"52.13333333333333","64","15","true","52.13333333333333","20","0","true"
"52.166666666666664","64","15","true","52.166666666666664","20","0","true"
"52.2","64","15","true","52.2","20","0","true"
"52.233333333333334","64","15","true","52.233333333333334","20","0","true"
"52.266666666666666","64","15","true","52.266666666666666","20","0","true"
"52.3","64","15","true","52.3","20","0","true"
"52.333333333333336","64","15","true","52.333333333333336","20","0","true"
"52.36666666666667","64","15","true","52.36666666666667","20","0","true"
"52.4","64","15","true","52.4","20","0","true"
"52.43333333333333","64","15","true","52.43333333333333","20","0","true"
"52.46666666666667","64","15","true","52.46666666666667","20","0","true"
"52.5","64","15","true","52.5","20","0","true"
"52.53333333333333","64","15","true","52.53333333333333","20","0","true"
"52.56666666666667","64","15","true","52.56666666666667","20","0","true"
"52.6","64","15","true","52.6","20","0","true"
"52.63333333333333","64","15","true","52.63333333333333","20","0","true"
"52.666666666666664","64","15","true","52.666666666666664","20","0","true"
"52.7","64","15","true","52.7","20","0","true"
"52.733333333333334","64","15","true","52.733333333333334","20","0","true"
"52.766666666666666","64","15","true","52.766666666666666","20","0","true"
"52.8","64","15","true","52.8","20","0","true"
"52.833333333333336","64","15","true","52.833333333333336","20","0","true"
"52.86666666666667","64","15","true","52.86666666666667","20","0","true"
"52.9","64","15","true","52.9","20","0","true"
"52.93333333333333","64","15","true","52.93333333333333","20","0","true"
"52.96666666666667","64","15","true","52.96666666666667","20","0","true"
"53","64","15","true","53","20","0","true"
"53.03333333333333","64","15","true","53.03333333333333","20","0","true"
"53.06666666666667","64","15","true","53.06666666666667","20","0","true"
"53.1","64","15","true","53.1","20","0","true"
"53.13333333333333","64","15","true","53.13333333333333","20","0","true"
"53.166666666666664","64","15","true","53.166666666666664","20","0","true"
"53.2","64","15","true","53.2","20","0","true"
"53.233333333333334","64","15","true","53.233333333333334","20","0","true"
"53.266666666666666","64","15","true","53.266666666666666","20","0","true"
"53.3","64","15","true","53.3","20","0","true"
"53.333333333333336","64","15","true","53.333333333333336","20","0","true"
"53.36666666666667","64","15","true","53.36666666666667","20","0","true"
"53.4","64","15","true","53.4","20","0","true"
"53.43333333333333","64","15","true","53.43333333333333","20","0","true"
"53.46666666666667","64","15","true","53.46666666666667","20","0","true"
"53.5","64","15","true","53.5","20","0","true"
"53.53333333333333","64","15","true","53.53333333333333","20","0","true"
"53.56666666666667","64","15","true","53.56666666666667","20","0","true"
"53.6","64","15","true","53.6","20","0","true"
"53.63333333333333","64","15","true","53.63333333333333","20","0","true"
"53.666666666666664","64","15","true","53.666666666666664","20","0","true"
"53.7","64","15","true","53.7","20","0","true"
"53.733333333333334","64","15","true","53.733333333333334","20","0","true"
"53.766666666666666","64","15","true","53.766666666666666","20","0","true"
"53.8","64","15","true","53.8","20","0","true"
"53.833333333333336","64","15","true","53.833333333333336","20","0","true"
"53.86666666666667","64","15","true","53.86666666666667","20","0","true"
"53.9","64","15","true","53.9","20","0","true"
"53.93333333333333","68","15","true","53.93333333333333","20","0","true"
"53.96666666666667","68","15","true","53.96666666666667","20","0","true"
"54","68","15","true","54","20","0","true"
"54.03333333333333","68","15","true","54.03333333333333","20","0","true"
"54.06666666666667","68","15","true","54.06666666666667","20","0","true"
"54.1","68","15","true","54.1","20","0","true"
"54.13333333333333","68","15","true","54.13333333333333","20","0","true"
"54.166666666666664","68","15","true","54.166666666666664","20","0","true"
"54.2","68","15","true","54.2","20","0","true"
"54.233333333333334","68","15","true","54.233333333333334","20","0","true"
"54.266666666666666","68","15","true","54.266666666666666","20","0","true"
"54.3","68","15","true","54.3","20","0","true"
"54.333333333333336","68","15","true","54.333333333333336","20","0","true"
"54.36666666666667","68","15","true","54.36666666666667","20","0","true"
"54.4","72","15","true","54.4","20","0","true"
"54.43333333333333","72","15","true","54.43333333333333","20","0","true"
"54.46666666666667","72","15","true","54.46666666666667","20","0","true"
"54.5","72","15","true","54.5","20","0","true"
"54.53333333333333","72","15","true","54.53333333333333","20","0","true"
"54.56666666666667","72","15","true","54.56666666666667","20","0","true"
"54.6","72","15","true","54.6","20","0","true"
"54.63333333333333","72","15","true","54.63333333333333","20","0","true"
"54.666666666666664","72","15","true","54.666666666666664","20","0","true"
"54.7","76","15","true","54.7","20","0","true"
"54.733333333333334","76","15","true","54.733333333333334","20","0","true"
"54.766666666666666","76","15","true","54.766666666666666","20","0","true"
"54.8","76","15","true","54.8","20","0","true"
"54.833333333333336","76","15","true","54.833333333333336","20","0","true"
"54.86666666666667","76","15","true","54.86666666666667","20","0","true"
"54.9","76","15","true","54.9","20","0","true"
"54.93333333333333","76","15","true","54.93333333333333","20","0","true"
"54.96666666666667","76","15","true","54.96666666666667","20","0","true"
"55","76","15","true","55","20","0","true"
"55.03333333333333","76","15","true","55.03333333333333","20","0","true"
"55.06666666666667","76","15","true","55.06666666666667","20","0","true"
"55.1","76","15","true","55.1","20","0","true"
"55.13333333333333","76","15","true","55.13333333333333","20","0","true"
"55.166666666666664","76","15","true","55.166666666666664","20","0","true"
"55.2","76","15","true","55.2","20","0","true"
"55.233333333333334","76","15","true","55.233333333333334","20","0","true"
"55.266666666666666","76","15","true","55.266666666666666","20","0","true"
"55.3","76","15","true","55.3","20","0","true"
"55.333333333333336","76","15","true","55.333333333333336","20","0","true"
"55.36666666666667","76","15","true","55.36666666666667","20","0","true"
"55.4","76","15","true","55.4","20","0","true"
"55.43333333333333","76","15","true","55.43333333333333","20","0","true"
"55.46666666666667","76","15","true","55.46666666666667","20","0","true"
"55.5","76","15","true","55.5","20","0","true"
"55.53333333333333","76","15","true","55.53333333333333","20","0","true"
"55.56666666666667","76","15","true","55.56666666666667","20","0","true"
"55.6","76","15","true","55.6","20","0","true"
"55.63333333333333","76","15","true","55.63333333333333","20","0","true"
"55.666666666666664","76","15","true","55.666666666666664","20","0","true"
"55.7","76","15","true","55.7","20","0","true"
"55.733333333333334","76","15","true","55.733333333333334","20","0","true"
"55.766666666666666","76","15","true","55.766666666666666","20","0","true"
"55.8","76","15","true","55.8","20","0","true"
"55.833333333333336","76","15","true","55.833333333333336","20","0","true"
"55.86666666666667","76","15","true","55.86666666666667","20","0","true"
"55.9","76","15","true","55.9","20","0","true"
"55.93333333333333","76","15","true","55.93333333333333","20","0","true"
"55.96666666666667","76","15","true","55.96666666666667","20","0","true"
"56","76","15","true","56","20","0","true"
"56.03333333333333","76","15","true","56.03333333333333","20","0","true"
"56.06666666666667","76","15","true","56.06666666666667","20","0","true"
"56.1","76","15","true","56.1","20","0","true"
"56.13333333333333","76","15","true","56.13333333333333","20","0","true"
"56.166666666666664","76","15","true","56.166666666666664","20","0","true"
"56.2","76","15","true","56.2","20","0","true"
"56.233333333333334","76","15","true","56.233333333333334","20","0","true"
"56.266666666666666","76","15","true","56.266666666666666","20","0","true"
"56.3","76","15","true","56.3","20","0","true"
"56.333333333333336","76","15","true","56.333333333333336","20","0","true"
"56.36666666666667","76","15","true","56.36666666666667","20","0","true"
"56.4","76","15","true","56.4","20","0","true"
"56.43333333333333","76","15","true","56.43333333333333","20","0","true"
"56.46666666666667","76","15","true","56.46666666666667","20","0","true"
"56.5","76","15","true","56.5","20","0","true"
"56.53333333333333","76","15","true","56.53333333333333","20","0","true"
"56.56666666666667","76","15","true","56.56666666666667","20","0","true"
"56.6","76","15","true","56.6","20","0","true"
"56.63333333333333","76","15","true","56.63333333333333","20","0","true"
"56.666666666666664","76","15","true","56.666666666666664","20","0","true"
"56.7","76","15","true","56.7","20","0","true"
"56.733333333333334","76","15","true","56.733333333333334","20","0","true"
"56.766666666666666","76","15","true","56.766666666666666","20","0","true"
"56.8","76","15","true","56.8","20","0","true"
"56.833333333333336","76","15","true","56.833333333333336","20","0","true"
"56.86666666666667","76","15","true","56.86666666666667","20","0","true"
"56.9","76","15","true","56.9","20","0","true"
"56.93333333333333","76","15","true","56.93333333333333","20","0","true"
"56.96666666666667","76","15","true","56.96666666666667","20","0","true"
"57","76","15","true","57","20","0","true"
"57.03333333333333","76","15","true","57.03333333333333","20","0","true"
"57.06666666666667","76","15","true","57.06666666666667","20","0","true"
"57.1","76","15","true","57.1","20","0","true"
"57.13333333333333","76","15","true","57.13333333333333","20","0","true"
"57.166666666666664","76","15","true","57.166666666666664","20","0","true"
"57.2","76","15","true","57.2","20","0","true"
"57.233333333333334","76","15","true","57.233333333333334","20","0","true"
"57.266666666666666","76","15","true","57.266666666666666","20","0","true"
"57.3","76","15","true","57.3","20","0","true"
"57.333333333333336","76","15","true","57.333333333333336","20","0","true"
"57.36666666666667","76","15","true","57.36666666666667","20","0","true"
"57.4","76","15","true","57.4","20","0","true"
"57.43333333333333","76","15","true","57.43333333333333","20","0","true"
"57.46666666666667","76","15","true","57.46666666666667","20","0","true"
"57.5","76","15","true","57.5","20","0","true"
"57.53333333333333","76","15","true","57.53333333333333","20","0","true"
"57.56666666666667","76","15","true","57.56666666666667","20","0","true"
"57.6","76","15","true","57.6","20","0","true"
"57.63333333333333","76","15","true","57.63333333333333","20","0","true"
"57.666666666666664","76","15","true","57.666666666666664","20","0","true"
"57.7","76","15","true","57.7","20","0","true"
"57.733333333333334","76","15","true","57.733333333333334","20","0","true"
"57.766666666666666","76","15","true","57.766666666666666","20","0","true"
"57.8","76","15","true","57.8","20","0","true"
"57.833333333333336","76","15","true","57.833333333333336","20","0","true"
"57.86666666666667","76","15","true","57.86666666666667","20","0","true"
"57.9","76","15","true","57.9","20","0","true"
"57.93333333333333","76","15","true","57.93333333333333","20","0","true"
"57.96666666666667","76","15","true","57.96666666666667","20","0","true"
"58","76","15","true","58","20","0","true"
"58.03333333333333","76","15","true","58.03333333333333","20","0","true"
"58.06666666666667","76","15","true","58.06666666666667","20","0","true"
"58.1","76","15","true","58.1","20","0","true"
"58.13333333333333","76","15","true","58.13333333333333","20","0","true"
"58.166666666666664","76","15","true","58.166666666666664","20","0","true"
"58.2","76","15","true","58.2","20","0","true"
"58.233333333333334","76","15","true","58.233333333333334","20","0","true"
"58.266666666666666","76","15","true","58.266666666666666","20","0","true"
"58.3","76","15","true","58.3","20","0","true"
"58.333333333333336","76","15","true","58.333333333333336","20","0","true"
"58.36666666666667","76","15","true","58.36666666666667","20","0","true"
"58.4","76","15","true","58.4","20","0","true"
"58.43333333333333","76","15","true","58.43333333333333","20","0","true"
"58.46666666666667","76","15","true","58.46666666666667","20","0","true"
"58.5","76","15","true","58.5","20","0","true"
"58.53333333333333","76","15","true","58.53333333333333","20","0","true"
"58.56666666666667","76","15","true","58.56666666666667","20","0","true"
"58.6","76","15","true","58.6","20","0","true"
"58.63333333333333","80","15","true","58.63333333333333","20","0","true"
"58.666666666666664","80","15","true","58.666666666666664","20","0","true"
"58.7","84","15","true","58.7","20","0","true"
"58.733333333333334","84","15","true","58.733333333333334","20","0","true"
"58.766666666666666","84","15","true","58.766666666666666","20","0","true"
"58.8","84","15","true","58.8","20","0","true"
"58.833333333333336","84","15","true","58.833333333333336","20","0","true"
"58.86666666666667","84","15","true","58.86666666666667","20","0","true"
"58.9","84","15","true","58.9","20","0","true"
"58.93333333333333","84","15","true","58.93333333333333","20","0","true"
"58.96666666666667","84","15","true","58.96666666666667","20","0","true"
"59","84","15","true","59","20","0","true"
"59.03333333333333","84","15","true","59.03333333333333","20","0","true"
"59.06666666666667","84","15","true","59.06666666666667","20","0","true"
"59.1","84","15","true","59.1","20","0","true"
"59.13333333333333","84","15","true","59.13333333333333","20","0","true"
"59.166666666666664","84","15","true","59.166666666666664","20","0","true"
"59.2","84","15","true","59.2","20","0","true"
"59.233333333333334","84","15","true","59.233333333333334","20","0","true"
"59.266666666666666","84","15","true","59.266666666666666","20","0","true"
"59.3","84","15","true","59.3","20","0","true"
"59.333333333333336","84","15","true","59.333333333333336","20","0","true"
"59.36666666666667","84","15","true","59.36666666666667","20","0","true"
"59.4","84","15","true","59.4","20","0","true"
"59.43333333333333","84","15","true","59.43333333333333","20","0","true"
"59.46666666666667","84","15","true","59.46666666666667","20","0","true"
"59.5","84","15","true","59.5","20","0","true"
"59.53333333333333","84","15","true","59.53333333333333","20","0","true"
"59.56666666666667","84","15","true","59.56666666666667","20","0","true"
"59.6","84","15","true","59.6","20","0","true"
"59.63333333333333","84","15","true","59.63333333333333","20","0","true"
"59.666666666666664","84","15","true","59.666666666666664","20","0","true"
"59.7","84","15","true","59.7","20","0","true"
"59.733333333333334","84","15","true","59.733333333333334","20","0","true"
"59.766666666666666","84","15","true","59.766666666666666","20","0","true"
"59.8","84","15","true","59.8","24","0","true"
"59.833333333333336","84","15","true","59.833333333333336","24","0","true"
"59.86666666666667","84","15","true","59.86666666666667","24","0","true"
"59.9","84","15","true","59.9","24","0","true"
"59.93333333333333","84","15","true","59.93333333333333","24","0","true"
"59.96666666666667","84","15","true","59.96666666666667","24","0","true"
"60","84","15","true","60","24","0","true"
"60.03333333333333","84","15","true","60.03333333333333","24","0","true"
"60.06666666666667","84","15","true","60.06666666666667","24","0","true"
"60.1","84","15","true","60.1","24","0","true"
"60.13333333333333","84","15","true","60.13333333333333","24","0","true"
"60.166666666666664","84","15","true","60.166666666666664","24","0","true"
"60.2","84","15","true","60.2","24","0","true"
"60.233333333333334","84","15","true","60.233333333333334","24","0","true"
"60.266666666666666","84","15","true","60.266666666666666","24","0","true"
"60.3","84","15","true","60.3","24","0","true"
"60.333333333333336","84","15","true","60.333333333333336","24","0","true"
"60.36666666666667","84","15","true","60.36666666666667","24","0","true"
"60.4","84","15","true","60.4","24","0","true"
"60.43333333333333","84","15","true","60.43333333333333","24","0","true"
"60.46666666666667","84","15","true","60.46666666666667","24","0","true"
"60.5","84","15","true","60.5","24","0","true"
"60.53333333333333","84","15","true","60.53333333333333","24","0","true"
"60.56666666666667","84","15","true","60.56666666666667","24","0","true"
"60.6","84","15","true","60.6","24","0","true"
"60.63333333333333","84","15","true","60.63333333333333","24","0","true"
"60.666666666666664","84","15","true","60.666666666666664","24","0","true"
"60.7","84","15","true","60.7","24","0","true"
"60.733333333333334","84","15","true","60.733333333333334","24","0","true"
"60.766666666666666","84","15","true","60.766666666666666","24","0","true"
"60.8","84","15","true","60.8","24","0","true"
"60.833333333333336","84","15","true","60.833333333333336","24","0","true"
"60.86666666666667","84","15","true","60.86666666666667","24","0","true"
"60.9","84","15","true","60.9","24","0","true"
"60.93333333333333","84","15","true","60.93333333333333","24","0","true"
"60.96666666666667","84","15","true","60.96666666666667","24","0","true"
"61","84","15","true","61","24","0","true"
"61.03333333333333","84","15","true","61.03333333333333","24","0","true"
"61.06666666666667","84","15","true","61.06666666666667","24","0","true"
"61.1","84","15","true","61.1","24","0","true"
"61.13333333333333","84","15","true","61.13333333333333","24","0","true"
"61.166666666666664","84","15","true","61.166666666666664","24","0","true"
"61.2","84","15","true","61.2","24","0","true"
"61.233333333333334","84","15","true","61.233333333333334","24","0","true"
"61.266666666666666","84","15","true","61.266666666666666","24","0","true"
"61.3","84","15","true","61.3","24","0","true"
"61.333333333333336","84","15","true","61.333333333333336","24","0","true"
"61.36666666666667","84","15","true","61.36666666666667","24","0","true"
"61.4","84","15","true","61.4","24","0","true"
"61.43333333333333","84","15","true","61.43333333333333","24","0","true"
"61.46666666666667","84","15","true","61.46666666666667","24","0","true"
"61.5","84","15","true","61.5","24","0","true"
"61.53333333333333","84","15","true","61.53333333333333","24","0","true"
"61.56666666666667","84","15","true","61.56666666666667","24","0","true"
"61.6","84","15","true","61.6","24","0","true"
"61.63333333333333","84","15","true","61.63333333333333","24","0","true"
"61.666666666666664","84","15","true","61.666666666666664","24","0","true"
"61.7","84","15","true","61.7","24","0","true"
"61.733333333333334","84","15","true","61.733333333333334","24","0","true"
"61.766666666666666","84","15","true","61.766666666666666","24","0","true"
"61.8","84","15","true","61.8","24","0","true"
"61.833333333333336","84","15","true","61.833333333333336","24","0","true"
"61.86666666666667","84","15","true","61.86666666666667","24","0","true"
"61.9","84","15","true","61.9","24","0","true"
"61.93333333333333","84","15","true","61.93333333333333","24","0","true"
"61.96666666666667","84","15","true","61.96666666666667","24","0","true"
"62","84","15","true","62","24","0","true"
"62.03333333333333","84","15","true","62.03333333333333","24","0","true"
"62.06666666666667","84","15","true","62.06666666666667","24","0","true"
"62.1","84","15","true","62.1","24","0","true"
"62.13333333333333","84","15","true","62.13333333333333","24","0","true"
"62.166666666666664","84","15","true","62.166666666666664","24","0","true"
"62.2","84","15","true","62.2","24","0","true"
"62.233333333333334","84","15","true","62.233333333333334","24","0","true"
"62.266666666666666","84","15","true","62.266666666666666","24","0","true"
"62.3","84","15","true","62.3","24","0","true"
"62.333333333333336","84","15","true","62.333333333333336","24","0","true"
"62.36666666666667","84","15","true","62.36666666666667","24","0","true"
"62.4","84","15","true","62.4","24","0","true"
"62.43333333333333","84","15","true","62.43333333333333","24","0","true"
"62.46666666666667","84","15","true","62.46666666666667","24","0","true"
"62.5","84","15","true","62.5","24","0","true"
"62.53333333333333","84","15","true","62.53333333333333","24","0","true"
"62.56666666666667","84","15","true","62.56666666666667","24","0","true"
"62.6","84","15","true","62.6","24","0","true"
"62.63333333333333","84","15","true","62.63333333333333","24","0","true"
"62.666666666666664","84","15","true","62.666666666666664","24","0","true"
"62.7","84","15","true","62.7","24","0","true"
"62.733333333333334","84","15","true","62.733333333333334","24","0","true"
"62.766666666666666","84","15","true","62.766666666666666","24","0","true"
"62.8","84","15","true","62.8","24","0","true"
"62.833333333333336","84","15","true","62.833333333333336","24","0","true"
"62.86666666666667","84","15","true","62.86666666666667","24","0","true"
"62.9","84","15","true","62.9","24","0","true"
"62.93333333333333","84","15","true","62.93333333333333","24","0","true"
"62.96666666666667","84","15","true","62.96666666666667","24","0","true"
"63","84","15","true","63","24","0","true"
"63.03333333333333","84","15","true","63.03333333333333","24","0","true"
"63.06666666666667","84","15","true","63.06666666666667","24","0","true"
"63.1","84","15","true","63.1","28.000000000000004","0","true"
"63.13333333333333","84","15","true","63.13333333333333","28.000000000000004","0","true"
"63.166666666666664","84","15","true","63.166666666666664","28.000000000000004","0","true"
"63.2","84","15","true","63.2","28.000000000000004","0","true"
"63.233333333333334","84","15","true","63.233333333333334","28.000000000000004","0","true"
"63.266666666666666","84","15","true","63.266666666666666","28.000000000000004","0","true"
"63.3","84","15","true","63.3","28.000000000000004","0","true"
"63.333333333333336","84","15","true","63.333333333333336","28.000000000000004","0","true"
"63.36666666666667","84","15","true","63.36666666666667","28.000000000000004","0","true"
"63.4","84","15","true","63.4","28.000000000000004","0","true"
"63.43333333333333","84","15","true","63.43333333333333","28.000000000000004","0","true"
"63.46666666666667","84","15","true","63.46666666666667","28.000000000000004","0","true"
"63.5","84","15","true","63.5","28.000000000000004","0","true"
"63.53333333333333","84","15","true","63.53333333333333","28.000000000000004","0","true"
"63.56666666666667","84","15","true","63.56666666666667","28.000000000000004","0","true"
"63.6","84","15","true","63.6","28.000000000000004","0","true"
"63.63333333333333","84","15","true","63.63333333333333","28.000000000000004","0","true"
"63.666666666666664","84","15","true","63.666666666666664","28.000000000000004","0","true"
"63.7","84","15","true","63.7","28.000000000000004","0","true"
"63.733333333333334","84","15","true","63.733333333333334","28.000000000000004","0","true"
"63.766666666666666","84","15","true","63.766666666666666","28.000000000000004","0","true"
"63.8","84","15","true","63.8","28.000000000000004","0","true"
"63.833333333333336","84","15","true","63.833333333333336","28.000000000000004","0","true"
"63.86666666666667","84","15","true","63.86666666666667","28.000000000000004","0","true"
"63.9","84","15","true","63.9","28.000000000000004","0","true"
"63.93333333333333","84","15","true","63.93333333333333","28.000000000000004","0","true"
"63.96666666666667","84","15","true","63.96666666666667","28.000000000000004","0","true"
"64","84","15","true","64","28.000000000000004","0","true"
"64.03333333333333","84","15","true","64.03333333333333","28.000000000000004","0","true"
"64.06666666666666","84","15","true","64.06666666666666","28.000000000000004","0","true"
"64.1","84","15","true","64.1","28.000000000000004","0","true"
"64.13333333333334","84","15","true","64.13333333333334","28.000000000000004","0","true"
"64.16666666666667","84","15","true","64.16666666666667","28.000000000000004","0","true"
"64.2","84","15","true","64.2","28.000000000000004","0","true"
"64.23333333333333","84","15","true","64.23333333333333","28.000000000000004","0","true"
"64.26666666666667","84","15","true","64.26666666666667","28.000000000000004","0","true"
"64.3","84","15","true","64.3","28.000000000000004","0","true"
"64.33333333333333","84","15","true","64.33333333333333","28.000000000000004","0","true"
"64.36666666666666","84","15","true","64.36666666666666","28.000000000000004","0","true"
"64.4","84","15","true","64.4","28.000000000000004","0","true"
"64.43333333333334","84","15","true","64.43333333333334","28.000000000000004","0","true"
"64.46666666666667","84","15","true","64.46666666666667","28.000000000000004","0","true"
"64.5","84","15","true","64.5","28.000000000000004","0","true"
"64.53333333333333","84","15","true","64.53333333333333","28.000000000000004","0","true"
"64.56666666666666","84","15","true","64.56666666666666","28.000000000000004","0","true"
"64.6","84","15","true","64.6","28.000000000000004","0","true"
"64.63333333333334","84","15","true","64.63333333333334","28.000000000000004","0","true"
"64.66666666666667","84","15","true","64.66666666666667","28.000000000000004","0","true"
"64.7","84","15","true","64.7","28.000000000000004","0","true"
"64.73333333333333","84","15","true","64.73333333333333","28.000000000000004","0","true"
"64.76666666666667","84","15","true","64.76666666666667","28.000000000000004","0","true"
"64.8","84","15","true","64.8","28.000000000000004","0","true"
"64.83333333333333","84","15","true","64.83333333333333","28.000000000000004","0","true"
"64.86666666666666","84","15","true","64.86666666666666","28.000000000000004","0","true"
"64.9","84","15","true","64.9","28.000000000000004","0","true"
"64.93333333333334","84","15","true","64.93333333333334","28.000000000000004","0","true"
"64.96666666666667","84","15","true","64.96666666666667","28.000000000000004","0","true"
"65","84","15","true","65","28.000000000000004","0","true"
"65.03333333333333","84","15","true","65.03333333333333","28.000000000000004","0","true"
"65.06666666666666","84","15","true","65.06666666666666","28.000000000000004","0","true"
"65.1","84","15","true","65.1","28.000000000000004","0","true"
"65.13333333333334","84","15","true","65.13333333333334","28.000000000000004","0","true"
"65.16666666666667","84","15","true","65.16666666666667","28.000000000000004","0","true"
"65.2","84","15","true","65.2","28.000000000000004","0","true"
"65.23333333333333","84","15","true","65.23333333333333","28.000000000000004","0","true"
"65.26666666666667","84","15","true","65.26666666666667","28.000000000000004","0","true"
"65.3","84","15","true","65.3","28.000000000000004","0","true"
"65.33333333333333","84","15","true","65.33333333333333","28.000000000000004","0","true"
"65.36666666666666","84","15","true","65.36666666666666","28.000000000000004","0","true"
"65.4","84","15","true","65.4","28.000000000000004","0","true"
"65.43333333333334","84","15","true","65.43333333333334","28.000000000000004","0","true"
"65.46666666666667","84","15","true","65.46666666666667","28.000000000000004","0","true"
"65.5","84","15","true","65.5","28.000000000000004","0","true"
"65.53333333333333","84","15","true","65.53333333333333","28.000000000000004","0","true"
"65.56666666666666","84","15","true","65.56666666666666","28.000000000000004","0","true"
"65.6","84","15","true","65.6","28.000000000000004","0","true"
"65.63333333333334","84","15","true","65.63333333333334","28.000000000000004","0","true"
"65.66666666666667","84","15","true","65.66666666666667","28.000000000000004","0","true"
"65.7","84","15","true","65.7","28.000000000000004","0","true"
"65.73333333333333","84","15","true","65.73333333333333","28.000000000000004","0","true"
"65.76666666666667","84","15","true","65.76666666666667","28.000000000000004","0","true"
"65.8","84","15","true","65.8","28.000000000000004","0","true"
"65.83333333333333","84","15","true","65.83333333333333","28.000000000000004","0","true"
"65.86666666666666","84","15","true","65.86666666666666","28.000000000000004","0","true"
"65.9","84","15","true","65.9","28.000000000000004","0","true"
"65.93333333333334","84","15","true","65.93333333333334","28.000000000000004","0","true"
"65.96666666666667","84","15","true","65.96666666666667","28.000000000000004","0","true"
"66","84","15","true","66","28.000000000000004","0","true"
"66.03333333333333","84","15","true","66.03333333333333","28.000000000000004","0","true"
"66.06666666666666","84","15","true","66.06666666666666","28.000000000000004","0","true"
"66.1","84","15","true","66.1","28.000000000000004","0","true"
"66.13333333333334","84","15","true","66.13333333333334","28.000000000000004","0","true"
"66.16666666666667","84","15","true","66.16666666666667","28.000000000000004","0","true"
"66.2","84","15","true","66.2","28.000000000000004","0","true"
"66.23333333333333","84","15","true","66.23333333333333","28.000000000000004","0","true"
"66.26666666666667","84","15","true","66.26666666666667","28.000000000000004","0","true"
"66.3","84","15","true","66.3","28.000000000000004","0","true"
"66.33333333333333","84","15","true","66.33333333333333","28.000000000000004","0","true"
"66.36666666666666","84","15","true","66.36666666666666","28.000000000000004","0","true"
"66.4","84","15","true","66.4","28.000000000000004","0","true"
"66.43333333333334","84","15","true","66.43333333333334","28.000000000000004","0","true"
"66.46666666666667","84","15","true","66.46666666666667","28.000000000000004","0","true"
"66.5","84","15","true","66.5","28.000000000000004","0","true"
"66.53333333333333","84","15","true","66.53333333333333","28.000000000000004","0","true"
"66.56666666666666","84","15","true","66.56666666666666","28.000000000000004","0","true"
"66.6","84","15","true","66.6","28.000000000000004","0","true"
"66.63333333333334","84","15","true","66.63333333333334","28.000000000000004","0","true"
"66.66666666666667","84","15","true","66.66666666666667","28.000000000000004","0","true"
"66.7","84","15","true","66.7","28.000000000000004","0","true"
"66.73333333333333","84","15","true","66.73333333333333","28.000000000000004","0","true"
"66.76666666666667","84","15","true","66.76666666666667","28.000000000000004","0","true"
"66.8","84","15","true","66.8","28.000000000000004","0","true"
"66.83333333333333","84","15","true","66.83333333333333","28.000000000000004","0","true"
"66.86666666666666","84","15","true","66.86666666666666","28.000000000000004","0","true"
"66.9","84","15","true","66.9","28.000000000000004","0","true"
"66.93333333333334","84","15","true","66.93333333333334","28.000000000000004","0","true"
"66.96666666666667","84","15","true","66.96666666666667","28.000000000000004","0","true"
"67","84","15","true","67","28.000000000000004","0","true"
"67.03333333333333","84","15","true","67.03333333333333","28.000000000000004","0","true"
"67.06666666666666","84","15","true","67.06666666666666","28.000000000000004","0","true"
"67.1","84","15","true","67.1","28.000000000000004","0","true"
"67.13333333333334","84","15","true","67.13333333333334","28.000000000000004","0","true"
"67.16666666666667","84","15","true","67.16666666666667","28.000000000000004","0","true"
"67.2","84","15","true","67.2","28.000000000000004","0","true"
"67.23333333333333","84","15","true","67.23333333333333","28.000000000000004","0","true"
"67.26666666666667","84","15","true","67.26666666666667","28.000000000000004","0","true"
"67.3","84","15","true","67.3","28.000000000000004","0","true"
"67.33333333333333","84","15","true","67.33333333333333","28.000000000000004","0","true"
"67.36666666666666","84","15","true","67.36666666666666","28.000000000000004","0","true"
"67.4","84","15","true","67.4","28.000000000000004","0","true"
"67.43333333333334","84","15","true","67.43333333333334","28.000000000000004","0","true"
"67.46666666666667","84","15","true","67.46666666666667","28.000000000000004","0","true"
"67.5","84","15","true","67.5","28.000000000000004","0","true"
"67.53333333333333","84","15","true","67.53333333333333","28.000000000000004","0","true"
"67.56666666666666","84","15","true","67.56666666666666","28.000000000000004","0","true"
"67.6","84","15","true","67.6","28.000000000000004","0","true"
"67.63333333333334","84","15","true","67.63333333333334","28.000000000000004","0","true"
"67.66666666666667","84","15","true","67.66666666666667","28.000000000000004","0","true"
"67.7","84","15","true","67.7","28.000000000000004","0","true"
"67.73333333333333","84","15","true","67.73333333333333","28.000000000000004","0","true"
"67.76666666666667","84","15","true","67.76666666666667","28.000000000000004","0","true"
"67.8","84","15","true","67.8","28.000000000000004","0","true"
"67.83333333333333","84","15","true","67.83333333333333","28.000000000000004","0","true"
"67.86666666666666","84","15","true","67.86666666666666","28.000000000000004","0","true"
"67.9","84","15","true","67.9","28.000000000000004","0","true"
"67.93333333333334","84","15","true","67.93333333333334","28.000000000000004","0","true"
"67.96666666666667","84","15","true","67.96666666666667","28.000000000000004","0","true"
"68","84","15","true","68","28.000000000000004","0","true"
"68.03333333333333","84","15","true","68.03333333333333","28.000000000000004","0","true"
"68.06666666666666","84","15","true","68.06666666666666","28.000000000000004","0","true"
"68.1","84","15","true","68.1","28.000000000000004","0","true"
"68.13333333333334","84","15","true","68.13333333333334","28.000000000000004","0","true"
"68.16666666666667","84","15","true","68.16666666666667","28.000000000000004","0","true"
"68.2","84","15","true","68.2","28.000000000000004","0","true"
"68.23333333333333","84","15","true","68.23333333333333","28.000000000000004","0","true"
"68.26666666666667","84","15","true","68.26666666666667","28.000000000000004","0","true"
"68.3","84","15","true","68.3","28.000000000000004","0","true"
"68.33333333333333","84","15","true","68.33333333333333","28.000000000000004","0","true"
"68.36666666666666","84","15","true","68.36666666666666","28.000000000000004","0","true"
"68.4","84","15","true","68.4","28.000000000000004","0","true"
"68.43333333333334","84","15","true","68.43333333333334","28.000000000000004","0","true"
"68.46666666666667","84","15","true","68.46666666666667","28.000000000000004","0","true"
"68.5","84","15","true","68.5","28.000000000000004","0","true"
"68.53333333333333","84","15","true","68.53333333333333","28.000000000000004","0","true"
"68.56666666666666","84","15","true","68.56666666666666","28.000000000000004","0","true"
"68.6","84","15","true","68.6","28.000000000000004","0","true"
"68.63333333333334","84","15","true","68.63333333333334","28.000000000000004","0","true"
"68.66666666666667","84","15","true","68.66666666666667","28.000000000000004","0","true"
"68.7","84","15","true","68.7","28.000000000000004","0","true"
"68.73333333333333","84","15","true","68.73333333333333","28.000000000000004","0","true"
"68.76666666666667","84","15","true","68.76666666666667","28.000000000000004","0","true"
"68.8","84","15","true","68.8","28.000000000000004","0","true"
"68.83333333333333","84","15","true","68.83333333333333","28.000000000000004","0","true"
"68.86666666666666","84","15","true","68.86666666666666","28.000000000000004","0","true"
"68.9","84","15","true","68.9","28.000000000000004","0","true"
"68.93333333333334","84","15","true","68.93333333333334","28.000000000000004","0","true"
"68.96666666666667","84","15","true","68.96666666666667","28.000000000000004","0","true"
"69","84","15","true","69","28.000000000000004","0","true"
"69.03333333333333","84","15","true","69.03333333333333","28.000000000000004","0","true"
"69.06666666666666","84","15","true","69.06666666666666","28.000000000000004","0","true"
"69.1","84","15","true","69.1","28.000000000000004","0","true"
"69.13333333333334","84","15","true","69.13333333333334","28.000000000000004","0","true"
"69.16666666666667","84","15","true","69.16666666666667","28.000000000000004","0","true"
"69.2","84","15","true","69.2","28.000000000000004","0","true"
"69.23333333333333","84","15","true","69.23333333333333","28.000000000000004","0","true"
"69.26666666666667","84","15","true","69.26666666666667","28.000000000000004","0","true"
"69.3","84","15","true","69.3","28.000000000000004","0","true"
"69.33333333333333","84","15","true","69.33333333333333","28.000000000000004","0","true"
"69.36666666666666","84","15","true","69.36666666666666","28.000000000000004","0","true"
"69.4","84","15","true","69.4","28.000000000000004","0","true"
"69.43333333333334","84","15","true","69.43333333333334","28.000000000000004","0","true"
"69.46666666666667","84","15","true","69.46666666666667","28.000000000000004","0","true"
"69.5","84","15","true","69.5","28.000000000000004","0","true"
"69.53333333333333","84","15","true","69.53333333333333","28.000000000000004","0","true"
"69.56666666666666","84","15","true","69.56666666666666","28.000000000000004","0","true"
"69.6","84","15","true","69.6","28.000000000000004","0","true"
"69.63333333333334","84","15","true","69.63333333333334","28.000000000000004","0","true"
"69.66666666666667","84","15","true","69.66666666666667","28.000000000000004","0","true"
"69.7","84","15","true","69.7","28.000000000000004","0","true"
"69.73333333333333","84","15","true","69.73333333333333","28.000000000000004","0","true"
"69.76666666666667","84","15","true","69.76666666666667","28.000000000000004","0","true"
"69.8","84","15","true","69.8","28.000000000000004","0","true"
"69.83333333333333","84","15","true","69.83333333333333","28.000000000000004","0","true"
"69.86666666666666","84","15","true","69.86666666666666","28.000000000000004","0","true"
"69.9","84","15","true","69.9","28.000000000000004","0","true"
"69.93333333333334","84","15","true","69.93333333333334","28.000000000000004","0","true"
"69.96666666666667","84","15","true","69.96666666666667","28.000000000000004","0","true"
"70","84","15","true","70","28.000000000000004","0","true"
"70.03333333333333","84","15","true","70.03333333333333","28.000000000000004","0","true"
"70.06666666666666","84","15","true","70.06666666666666","28.000000000000004","0","true"
"70.1","84","15","true","70.1","28.000000000000004","0","true"
"70.13333333333334","84","15","true","70.13333333333334","28.000000000000004","0","true"
"70.16666666666667","84","15","true","70.16666666666667","28.000000000000004","0","true"
"70.2","84","15","true","70.2","28.000000000000004","0","true"
"70.23333333333333","84","15","true","70.23333333333333","28.000000000000004","0","true"
"70.26666666666667","84","15","true","70.26666666666667","28.000000000000004","0","true"
"70.3","84","15","true","70.3","28.000000000000004","0","true"
"70.33333333333333","84","15","true","70.33333333333333","28.000000000000004","0","true"
"70.36666666666666","84","15","true","70.36666666666666","28.000000000000004","0","true"
"70.4","84","15","true","70.4","28.000000000000004","0","true"
"70.43333333333334","84","15","true","70.43333333333334","28.000000000000004","0","true"
"70.46666666666667","84","15","true","70.46666666666667","28.000000000000004","0","true"
"70.5","84","15","true","70.5","28.000000000000004","0","true"
"70.53333333333333","84","15","true","70.53333333333333","28.000000000000004","0","true"
"70.56666666666666","84","15","true","70.56666666666666","28.000000000000004","0","true"
"70.6","84","15","true","70.6","28.000000000000004","0","true"
"70.63333333333334","84","15","true","70.63333333333334","28.000000000000004","0","true"
"70.66666666666667","84","15","true","70.66666666666667","28.000000000000004","0","true"
"70.7","84","15","true","70.7","28.000000000000004","0","true"
"70.73333333333333","84","15","true","70.73333333333333","28.000000000000004","0","true"
"70.76666666666667","84","15","true","70.76666666666667","28.000000000000004","0","true"
"70.8","84","15","true","70.8","28.000000000000004","0","true"
"70.83333333333333","84","15","true","70.83333333333333","28.000000000000004","0","true"
"70.86666666666666","84","15","true","70.86666666666666","28.000000000000004","0","true"
"70.9","84","15","true","70.9","28.000000000000004","0","true"
"70.93333333333334","84","15","true","70.93333333333334","28.000000000000004","0","true"
"70.96666666666667","84","15","true","70.96666666666667","28.000000000000004","0","true"
"71","84","15","true","71","28.000000000000004","0","true"
"71.03333333333333","84","15","true","71.03333333333333","28.000000000000004","0","true"
"71.06666666666666","84","15","true","71.06666666666666","28.000000000000004","0","true"
"71.1","84","15","true","71.1","28.000000000000004","0","true"
"71.13333333333334","84","15","true","71.13333333333334","28.000000000000004","0","true"
"71.16666666666667","84","15","true","71.16666666666667","28.000000000000004","0","true"
"71.2","84","15","true","71.2","28.000000000000004","0","true"
"71.23333333333333","84","15","true","71.23333333333333","28.000000000000004","0","true"
"71.26666666666667","84","15","true","71.26666666666667","28.000000000000004","0","true"
"71.3","84","15","true","71.3","28.000000000000004","0","true"
"71.33333333333333","84","15","true","71.33333333333333","28.000000000000004","0","true"
"71.36666666666666","84","15","true","71.36666666666666","32","0","true"
"71.4","84","15","true","71.4","32","0","true"
"71.43333333333334","84","15","true","71.43333333333334","32","0","true"
"71.46666666666667","84","15","true","71.46666666666667","32","0","true"
"71.5","84","15","true","71.5","32","0","true"
"71.53333333333333","84","15","true","71.53333333333333","32","0","true"
"71.56666666666666","84","15","true","71.56666666666666","32","0","true"
"71.6","84","15","true","71.6","32","0","true"
"71.63333333333334","84","15","true","71.63333333333334","32","0","true"
"71.66666666666667","84","15","true","71.66666666666667","32","0","true"
"71.7","84","15","true","71.7","32","0","true"
"71.73333333333333","84","15","true","71.73333333333333","32","0","true"
"71.76666666666667","84","15","true","71.76666666666667","32","0","true"
"71.8","84","15","true","71.8","32","0","true"
"71.83333333333333","84","15","true","71.83333333333333","32","0","true"
"71.86666666666666","84","15","true","71.86666666666666","32","0","true"
"71.9","84","15","true","71.9","32","0","true"
"71.93333333333334","84","15","true","71.93333333333334","32","0","true"
"71.96666666666667","84","15","true","71.96666666666667","32","0","true"
"72","84","15","true","72","32","0","true"
"72.03333333333333","84","15","true","72.03333333333333","32","0","true"
"72.06666666666666","84","15","true","72.06666666666666","32","0","true"
"72.1","84","15","true","72.1","32","0","true"
"72.13333333333334","84","15","true","72.13333333333334","32","0","true"
"72.16666666666667","84","15","true","72.16666666666667","32","0","true"
"72.2","84","15","true","72.2","32","0","true"
"72.23333333333333","84","15","true","72.23333333333333","32","0","true"
"72.26666666666667","84","15","true","72.26666666666667","32","0","true"
"72.3","84","15","true","72.3","32","0","true"
"72.33333333333333","84","15","true","72.33333333333333","32","0","true"
"72.36666666666666","84","15","true","72.36666666666666","32","0","true"
"72.4","84","15","true","72.4","32","0","true"
"72.43333333333334","84","15","true","72.43333333333334","32","0","true"
"72.46666666666667","84","15","true","72.46666666666667","32","0","true"
"72.5","84","15","true","72.5","32","0","true"
"72.53333333333333","84","15","true","72.53333333333333","32","0","true"
"72.56666666666666","84","15","true","72.56666666666666","32","0","true"
"72.6","84","15","true","72.6","32","0","true"
"72.63333333333334","84","15","true","72.63333333333334","32","0","true"
"72.66666666666667","84","15","true","72.66666666666667","32","0","true"
"72.7","84","15","true","72.7","32","0","true"
"72.73333333333333","84","15","true","72.73333333333333","32","0","true"
"72.76666666666667","84","15","true","72.76666666666667","32","0","true"
"72.8","84","15","true","72.8","32","0","true"
"72.83333333333333","84","15","true","72.83333333333333","32","0","true"
"72.86666666666666","84","15","true","72.86666666666666","32","0","true"
"72.9","84","15","true","72.9","32","0","true"
"72.93333333333334","84","15","true","72.93333333333334","32","0","true"
"72.96666666666667","84","15","true","72.96666666666667","32","0","true"
"73","84","15","true","73","32","0","true"
"73.03333333333333","84","15","true","73.03333333333333","32","0","true"
"73.06666666666666","84","15","true","73.06666666666666","32","0","true"
"73.1","84","15","true","73.1","32","0","true"
"73.13333333333334","84","15","true","73.13333333333334","32","0","true"
"73.16666666666667","84","15","true","73.16666666666667","32","0","true"
"73.2","84","15","true","73.2","32","0","true"
"73.23333333333333","84","15","true","73.23333333333333","32","0","true"
"73.26666666666667","84","15","true","73.26666666666667","32","0","true"
"73.3","84","15","true","73.3","32","0","true"
"73.33333333333333","84","15","true","73.33333333333333","32","0","true"
"73.36666666666666","84","15","true","73.36666666666666","32","0","true"
"73.4","84","15","true","73.4","32","0","true"
"73.43333333333334","84","15","true","73.43333333333334","32","0","true"
"73.46666666666667","84","15","true","73.46666666666667","32","0","true"
"73.5","84","15","true","73.5","32","0","true"
"73.53333333333333","84","15","true","73.53333333333333","32","0","true"
"73.56666666666666","84","15","true","73.56666666666666","32","0","true"
"73.6","84","15","true","73.6","32","0","true"
"73.63333333333334","84","15","true","73.63333333333334","32","0","true"
"73.66666666666667","84","15","true","73.66666666666667","32","0","true"
"73.7","84","15","true","73.7","32","0","true"
"73.73333333333333","84","15","true","73.73333333333333","32","0","true"
"73.76666666666667","84","15","true","73.76666666666667","32","0","true"
"73.8","84","15","true","73.8","32","0","true"
"73.83333333333333","84","15","true","73.83333333333333","32","0","true"
"73.86666666666666","84","15","true","73.86666666666666","32","0","true"
"73.9","84","15","true","73.9","32","0","true"
"73.93333333333334","84","15","true","73.93333333333334","32","0","true"
"73.96666666666667","84","15","true","73.96666666666667","32","0","true"
"74","84","15","true","74","32","0","true"
"74.03333333333333","84","15","true","74.03333333333333","32","0","true"
"74.06666666666666","84","15","true","74.06666666666666","32","0","true"
"74.1","84","15","true","74.1","32","0","true"
"74.13333333333334","84","15","true","74.13333333333334","32","0","true"
"74.16666666666667","84","15","true","74.16666666666667","32","0","true"
"74.2","84","15","true","74.2","32","0","true"
"74.23333333333333","84","15","true","74.23333333333333","32","0","true"
"74.26666666666667","84","15","true","74.26666666666667","32","0","true"
"74.3","84","15","true","74.3","32","0","true"
"74.33333333333333","84","15","true","74.33333333333333","32","0","true"
"74.36666666666666","84","15","true","74.36666666666666","32","0","true"
"74.4","84","15","true","74.4","32","0","true"
"74.43333333333334","84","15","true","74.43333333333334","32","0","true"
"74.46666666666667","84","15","true","74.46666666666667","32","0","true"
"74.5","84","15","true","74.5","32","0","true"
"74.53333333333333","84","15","true","74.53333333333333","32","0","true"
"74.56666666666666","84","15","true","74.56666666666666","32","0","true"
"74.6","84","15","true","74.6","32","0","true"
"74.63333333333334","84","15","true","74.63333333333334","32","0","true"
"74.66666666666667","84","15","true","74.66666666666667","32","0","true"
"74.7","84","15","true","74.7","32","0","true"
"74.73333333333333","84","15","true","74.73333333333333","32","0","true"
"74.76666666666667","84","15","true","74.76666666666667","32","0","true"
"74.8","84","15","true","74.8","32","0","true"
"74.83333333333333","84","15","true","74.83333333333333","32","0","true"
"74.86666666666666","84","15","true","74.86666666666666","32","0","true"
"74.9","84","15","true","74.9","32","0","true"
"74.93333333333334","84","15","true","74.93333333333334","32","0","true"
"74.96666666666667","84","15","true","74.96666666666667","32","0","true"
"75","84","15","true","75","32","0","true"
"75.03333333333333","84","15","true","75.03333333333333","32","0","true"
"75.06666666666666","84","15","true","75.06666666666666","32","0","true"
"75.1","84","15","true","75.1","32","0","true"
"75.13333333333334","84","15","true","75.13333333333334","32","0","true"
"75.16666666666667","84","15","true","75.16666666666667","32","0","true"
"75.2","84","15","true","75.2","32","0","true"
"75.23333333333333","84","15","true","75.23333333333333","32","0","true"
"75.26666666666667","84","15","true","75.26666666666667","32","0","true"
"75.3","84","15","true","75.3","32","0","true"
"75.33333333333333","84","15","true","75.33333333333333","32","0","true"
"75.36666666666666","84","15","true","75.36666666666666","32","0","true"
"75.4","84","15","true","75.4","32","0","true"
"75.43333333333334","84","15","true","75.43333333333334","32","0","true"
"75.46666666666667","84","15","true","75.46666666666667","32","0","true"
"75.5","84","15","true","75.5","32","0","true"
"75.53333333333333","84","15","true","75.53333333333333","32","0","true"
"75.56666666666666","84","15","true","75.56666666666666","32","0","true"
"75.6","84","15","true","75.6","32","0","true"
"75.63333333333334","84","15","true","75.63333333333334","32","0","true"
"75.66666666666667","84","15","true","75.66666666666667","32","0","true"
"75.7","84","15","true","75.7","32","0","true"
"75.73333333333333","84","15","true","75.73333333333333","32","0","true"
"75.76666666666667","84","15","true","75.76666666666667","32","0","true"
"75.8","84","15","true","75.8","32","0","true"
"75.83333333333333","84","15","true","75.83333333333333","32","0","true"
"75.86666666666666","84","15","true","75.86666666666666","32","0","true"
"75.9","84","15","true","75.9","32","0","true"
"75.93333333333334","84","15","true","75.93333333333334","32","0","true"
"75.96666666666667","84","15","true","75.96666666666667","32","0","true"
"76","84","15","true","76","32","0","true"
"76.03333333333333","88","15","true","76.03333333333333","32","0","true"
"76.06666666666666","88","15","true","76.06666666666666","32","0","true"
"76.1","88","15","true","76.1","32","0","true"
"76.13333333333334","88","15","true","76.13333333333334","32","0","true"
"76.16666666666667","88","15","true","76.16666666666667","32","0","true"
"76.2","88","15","true","76.2","32","0","true"
"76.23333333333333","88","15","true","76.23333333333333","32","0","true"
"76.26666666666667","88","15","true","76.26666666666667","32","0","true"
"76.3","88","15","true","76.3","32","0","true"
"76.33333333333333","88","15","true","76.33333333333333","32","0","true"
"76.36666666666666","88","15","true","76.36666666666666","32","0","true"
"76.4","88","15","true","76.4","32","0","true"
"76.43333333333334","88","15","true","76.43333333333334","32","0","true"
"76.46666666666667","88","15","true","76.46666666666667","32","0","true"
"76.5","88","15","true","76.5","32","0","true"
"76.53333333333333","88","15","true","76.53333333333333","32","0","true"
"76.56666666666666","88","15","true","76.56666666666666","32","0","true"
"76.6","88","15","true","76.6","32","0","true"
"76.63333333333334","88","15","true","76.63333333333334","32","0","true"
"76.66666666666667","88","15","true","76.66666666666667","32","0","true"
"76.7","88","15","true","76.7","32","0","true"
"76.73333333333333","88","15","true","76.73333333333333","32","0","true"
"76.76666666666667","88","15","true","76.76666666666667","32","0","true"
"76.8","88","15","true","76.8","32","0","true"
"76.83333333333333","88","15","true","76.83333333333333","32","0","true"
"76.86666666666666","88","15","true","76.86666666666666","32","0","true"
"76.9","88","15","true","76.9","32","0","true"
"76.93333333333334","88","15","true","76.93333333333334","32","0","true"
"76.96666666666667","88","15","true","76.96666666666667","32","0","true"
"77","88","15","true","77","32","0","true"
"77.03333333333333","88","15","true","77.03333333333333","32","0","true"
"77.06666666666666","88","15","true","77.06666666666666","32","0","true"
"77.1","88","15","true","77.1","32","0","true"
"77.13333333333334","88","15","true","77.13333333333334","32","0","true"
"77.16666666666667","88","15","true","77.16666666666667","32","0","true"
"77.2","88","15","true","77.2","32","0","true"
"77.23333333333333","88","15","true","77.23333333333333","32","0","true"
"77.26666666666667","88","15","true","77.26666666666667","32","0","true"
"77.3","88","15","true","77.3","32","0","true"
"77.33333333333333","88","15","true","77.33333333333333","32","0","true"
"77.36666666666666","88","15","true","77.36666666666666","32","0","true"
"77.4","88","15","true","77.4","32","0","true"
"77.43333333333334","88","15","true","77.43333333333334","32","0","true"
"77.46666666666667","88","15","true","77.46666666666667","32","0","true"
"77.5","88","15","true","77.5","32","0","true"
"77.53333333333333","88","15","true","77.53333333333333","32","0","true"
"77.56666666666666","88","15","true","77.56666666666666","32","0","true"
"77.6","88","15","true","77.6","32","0","true"
"77.63333333333334","88","15","true","77.63333333333334","32","0","true"
"77.66666666666667","88","15","true","77.66666666666667","32","0","true"
"77.7","88","15","true","77.7","32","0","true"
"77.73333333333333","88","15","true","77.73333333333333","32","0","true"
"77.76666666666667","88","15","true","77.76666666666667","32","0","true"
"77.8","88","15","true","77.8","32","0","true"
"77.83333333333333","88","15","true","77.83333333333333","32","0","true"
"77.86666666666666","88","15","true","77.86666666666666","32","0","true"
"77.9","88","15","true","77.9","32","0","true"
"77.93333333333334","88","15","true","77.93333333333334","32","0","true"
"77.96666666666667","88","15","true","77.96666666666667","32","0","true"
"78","88","15","true","78","32","0","true"
"78.03333333333333","88","15","true","78.03333333333333","32","0","true"
"78.06666666666666","88","15","true","78.06666666666666","32","0","true"
"78.1","88","15","true","78.1","32","0","true"
"78.13333333333334","88","15","true","78.13333333333334","32","0","true"
"78.16666666666667","88","15","true","78.16666666666667","32","0","true"
"78.2","88","15","true","78.2","32","0","true"
"78.23333333333333","88","15","true","78.23333333333333","32","0","true"
"78.26666666666667","88","15","true","78.26666666666667","32","0","true"
"78.3","88","15","true","78.3","32","0","true"
"78.33333333333333","88","15","true","78.33333333333333","32","0","true"
"78.36666666666666","88","15","true","78.36666666666666","32","0","true"
"78.4","88","15","true","78.4","32","0","true"
"78.43333333333334","88","15","true","78.43333333333334","32","0","true"
"78.46666666666667","88","15","true","78.46666666666667","32","0","true"
"78.5","88","15","true","78.5","32","0","true"
"78.53333333333333","88","15","true","78.53333333333333","32","0","true"
"78.56666666666666","88","15","true","78.56666666666666","32","0","true"
"78.6","88","15","true","78.6","32","0","true"
"78.63333333333334","88","15","true","78.63333333333334","32","0","true"
"78.66666666666667","88","15","true","78.66666666666667","32","0","true"
"78.7","88","15","true","78.7","32","0","true"
"78.73333333333333","88","15","true","78.73333333333333","32","0","true"
"78.76666666666667","88","15","true","78.76666666666667","32","0","true"
"78.8","88","15","true","78.8","32","0","true"
"78.83333333333333","88","15","true","78.83333333333333","32","0","true"
"78.86666666666666","88","15","true","78.86666666666666","32","0","true"
"78.9","88","15","true","78.9","32","0","true"
"78.93333333333334","88","15","true","78.93333333333334","32","0","true"
"78.96666666666667","88","15","true","78.96666666666667","32","0","true"
"79","88","15","true","79","32","0","true"
"79.03333333333333","88","15","true","79.03333333333333","32","0","true"
"79.06666666666666","88","15","true","79.06666666666666","32","0","true"
"79.1","88","15","true","79.1","32","0","true"
"79.13333333333334","88","15","true","79.13333333333334","32","0","true"
"79.16666666666667","88","15","true","79.16666666666667","32","0","true"
"79.2","88","15","true","79.2","32","0","true"
"79.23333333333333","88","15","true","79.23333333333333","32","0","true"
"79.26666666666667","88","15","true","79.26666666666667","32","0","true"
"79.3","88","15","true","79.3","32","0","true"
"79.33333333333333","88","15","true","79.33333333333333","32","0","true"
"79.36666666666666","88","15","true","79.36666666666666","32","0","true"
"79.4","88","15","true","79.4","32","0","true"
"79.43333333333334","88","15","true","79.43333333333334","32","0","true"
"79.46666666666667","88","15","true","79.46666666666667","32","0","true"
"79.5","88","15","true","79.5","32","0","true"
"79.53333333333333","88","15","true","79.53333333333333","32","0","true"
"79.56666666666666","88","15","true","79.56666666666666","32","0","true"
"79.6","88","15","true","79.6","32","0","true"
"79.63333333333334","88","15","true","79.63333333333334","32","0","true"
"79.66666666666667","88","15","true","79.66666666666667","32","0","true"
"79.7","88","15","true","79.7","32","0","true"
"79.73333333333333","88","15","true","79.73333333333333","32","0","true"
"79.76666666666667","88","15","true","79.76666666666667","32","0","true"
"79.8","88","15","true","79.8","32","0","true"
"79.83333333333333","88","15","true","79.83333333333333","32","0","true"
"79.86666666666666","88","15","true","79.86666666666666","32","0","true"
"79.9","88","15","true","79.9","32","0","true"
"79.93333333333334","88","15","true","79.93333333333334","32","0","true"
"79.96666666666667","88","15","true","79.96666666666667","32","0","true"
"80","88","15","true","80","32","0","true"
"80.03333333333333","88","15","true","80.03333333333333","32","0","true"
"80.06666666666666","88","15","true","80.06666666666666","32","0","true"
"80.1","88","15","true","80.1","32","0","true"
"80.13333333333334","88","15","true","80.13333333333334","32","0","true"
"80.16666666666667","88","15","true","80.16666666666667","32","0","true"
"80.2","88","15","true","80.2","32","0","true"
"80.23333333333333","88","15","true","80.23333333333333","32","0","true"
"80.26666666666667","88","15","true","80.26666666666667","32","0","true"
"80.3","88","15","true","80.3","32","0","true"
"80.33333333333333","88","15","true","80.33333333333333","32","0","true"
"80.36666666666666","88","15","true","80.36666666666666","32","0","true"
"80.4","88","15","true","80.4","32","0","true"
"80.43333333333334","88","15","true","80.43333333333334","32","0","true"
"80.46666666666667","88","15","true","80.46666666666667","32","0","true"
"80.5","88","15","true","80.5","32","0","true"
"80.53333333333333","88","15","true","80.53333333333333","32","0","true"
"80.56666666666666","88","15","true","80.56666666666666","32","0","true"
"80.6","88","15","true","80.6","32","0","true"
"80.63333333333334","88","15","true","80.63333333333334","32","0","true"
"80.66666666666667","88","15","true","80.66666666666667","32","0","true"
"80.7","88","15","true","80.7","32","0","true"
"80.73333333333333","88","15","true","80.73333333333333","32","0","true"
"80.76666666666667","88","15","true","80.76666666666667","32","0","true"
"80.8","88","15","true","80.8","32","0","true"
"80.83333333333333","88","15","true","80.83333333333333","36","0","true"
"80.86666666666666","88","15","true","80.86666666666666","36","0","true"
"80.9","88","15","true","80.9","36","0","true"
"80.93333333333334","88","15","true","80.93333333333334","36","0","true"
"80.96666666666667","88","15","true","80.96666666666667","36","0","true"
"81","88","15","true","81","36","0","true"
"81.03333333333333","88","15","true","81.03333333333333","36","0","true"
"81.06666666666666","88","15","true","81.06666666666666","36","0","true"
"81.1","88","15","true","81.1","36","0","true"
"81.13333333333334","88","15","true","81.13333333333334","36","0","true"
"81.16666666666667","88","15","true","81.16666666666667","36","0","true"
"81.2","88","15","true","81.2","36","0","true"
"81.23333333333333","88","15","true","81.23333333333333","36","0","true"
"81.26666666666667","88","15","true","81.26666666666667","36","0","true"
"81.3","88","15","true","81.3","36","0","true"
"81.33333333333333","88","15","true","81.33333333333333","36","0","true"
"81.36666666666666","88","15","true","81.36666666666666","36","0","true"
"81.4","88","15","true","81.4","36","0","true"
"81.43333333333334","88","15","true","81.43333333333334","36","0","true"
"81.46666666666667","88","15","true","81.46666666666667","36","0","true"
"81.5","88","15","true","81.5","36","0","true"
"81.53333333333333","88","15","true","81.53333333333333","36","0","true"
"81.56666666666666","88","15","true","81.56666666666666","36","0","true"
"81.6","88","15","true","81.6","36","0","true"
"81.63333333333334","88","15","true","81.63333333333334","36","0","true"
"81.66666666666667","88","15","true","81.66666666666667","36","0","true"
"81.7","88","15","true","81.7","36","0","true"
"81.73333333333333","88","15","true","81.73333333333333","36","0","true"
"81.76666666666667","88","15","true","81.76666666666667","36","0","true"
"81.8","88","15","true","81.8","36","0","true"
"81.83333333333333","88","15","true","81.83333333333333","36","0","true"
"81.86666666666666","88","15","true","81.86666666666666","36","0","true"
"81.9","88","15","true","81.9","36","0","true"
"81.93333333333334","88","15","true","81.93333333333334","36","0","true"
"81.96666666666667","88","15","true","81.96666666666667","36","0","true"
"82","88","15","true","82","36","0","true"
"82.03333333333333","88","15","true","82.03333333333333","36","0","true"
"82.06666666666666","88","15","true","82.06666666666666","36","0","true"
"82.1","88","15","true","82.1","36","0","true"
"82.13333333333334","88","15","true","82.13333333333334","36","0","true"
"82.16666666666667","88","15","true","82.16666666666667","36","0","true"
"82.2","88","15","true","82.2","36","0","true"
"82.23333333333333","88","15","true","82.23333333333333","36","0","true"
"82.26666666666667","88","15","true","82.26666666666667","36","0","true"
"82.3","88","15","true","82.3","36","0","true"
"82.33333333333333","88","15","true","82.33333333333333","36","0","true"
"82.36666666666666","88","15","true","82.36666666666666","36","0","true"
"82.4","88","15","true","82.4","36","0","true"
"82.43333333333334","88","15","true","82.43333333333334","36","0","true"
"82.46666666666667","88","15","true","82.46666666666667","36","0","true"
"82.5","88","15","true","82.5","36","0","true"
"82.53333333333333","88","15","true","82.53333333333333","36","0","true"
"82.56666666666666","88","15","true","82.56666666666666","36","0","true"
"82.6","88","15","true","82.6","36","0","true"
"82.63333333333334","88","15","true","82.63333333333334","36","0","true"
"82.66666666666667","88","15","true","82.66666666666667","36","0","true"
"82.7","88","15","true","82.7","36","0","true"
"82.73333333333333","88","15","true","82.73333333333333","36","0","true"
"82.76666666666667","88","15","true","82.76666666666667","36","0","true"
"82.8","88","15","true","82.8","36","0","true"
"82.83333333333333","88","15","true","82.83333333333333","36","0","true"
"82.86666666666666","88","15","true","82.86666666666666","36","0","true"
"82.9","88","15","true","82.9","36","0","true"
"82.93333333333334","88","15","true","82.93333333333334","36","0","true"
"82.96666666666667","88","15","true","82.96666666666667","36","0","true"
"83","88","15","true","83","36","0","true"
"83.03333333333333","88","15","true","83.03333333333333","36","0","true"
"83.06666666666666","88","15","true","83.06666666666666","36","0","true"
"83.1","88","15","true","83.1","36","0","true"
"83.13333333333334","88","15","true","83.13333333333334","36","0","true"
"83.16666666666667","88","15","true","83.16666666666667","36","0","true"
"83.2","88","15","true","83.2","36","0","true"
"83.23333333333333","88","15","true","83.23333333333333","36","0","true"
"83.26666666666667","88","15","true","83.26666666666667","36","0","true"
"83.3","88","15","true","83.3","36","0","true"
"83.33333333333333","88","15","true","83.33333333333333","36","0","true"
"83.36666666666666","88","15","true","83.36666666666666","36","0","true"
"83.4","88","15","true","83.4","36","0","true"
"83.43333333333334","88","15","true","83.43333333333334","36","0","true"
"83.46666666666667","88","15","true","83.46666666666667","36","0","true"
"83.5","88","15","true","83.5","36","0","true"
"83.53333333333333","88","15","true","83.53333333333333","36","0","true"
"83.56666666666666","88","15","true","83.56666666666666","36","0","true"
"83.6","88","15","true","83.6","36","0","true"
"83.63333333333334","88","15","true","83.63333333333334","36","0","true"
"83.66666666666667","88","15","true","83.66666666666667","36","0","true"
"83.7","88","15","true","83.7","36","0","true"
"83.73333333333333","88","15","true","83.73333333333333","36","0","true"
"83.76666666666667","88","15","true","83.76666666666667","36","0","true"
"83.8","88","15","true","83.8","36","0","true"
"83.83333333333333","88","15","true","83.83333333333333","36","0","true"
"83.86666666666666","88","15","true","83.86666666666666","36","0","true"
"83.9","88","15","true","83.9","36","0","true"
"83.93333333333334","88","15","true","83.93333333333334","36","0","true"
"83.96666666666667","88","15","true","83.96666666666667","36","0","true"
"84","88","15","true","84","36","0","true"
"84.03333333333333","88","15","true","84.03333333333333","36","0","true"
"84.06666666666666","88","15","true","84.06666666666666","36","0","true"
"84.1","88","15","true","84.1","36","0","true"
"84.13333333333334","88","15","true","84.13333333333334","36","0","true"
"84.16666666666667","88","15","true","84.16666666666667","36","0","true"
"84.2","88","15","true","84.2","36","0","true"
"84.23333333333333","88","15","true","84.23333333333333","36","0","true"
"84.26666666666667","88","15","true","84.26666666666667","36","0","true"
"84.3","88","15","true","84.3","36","0","true"
"84.33333333333333","88","15","true","84.33333333333333","36","0","true"
"84.36666666666666","88","15","true","84.36666666666666","36","0","true"
"84.4","88","15","true","84.4","36","0","true"
"84.43333333333334","88","15","true","84.43333333333334","36","0","true"
"84.46666666666667","88","15","true","84.46666666666667","36","0","true"
"84.5","88","15","true","84.5","36","0","true"
"84.53333333333333","88","15","true","84.53333333333333","36","0","true"
"84.56666666666666","88","15","true","84.56666666666666","36","0","true"
"84.6","88","15","true","84.6","36","0","true"
"84.63333333333334","88","15","true","84.63333333333334","36","0","true"
"84.66666666666667","88","15","true","84.66666666666667","36","0","true"
"84.7","88","15","true","84.7","36","0","true"
"84.73333333333333","88","15","true","84.73333333333333","36","0","true"
"84.76666666666667","88","15","true","84.76666666666667","36","0","true"
"84.8","88","15","true","84.8","36","0","true"
"84.83333333333333","88","15","true","84.83333333333333","36","0","true"
"84.86666666666666","88","15","true","84.86666666666666","36","0","true"
"84.9","88","15","true","84.9","36","0","true"
"84.93333333333334","88","15","true","84.93333333333334","36","0","true"
"84.96666666666667","88","15","true","84.96666666666667","36","0","true"
"85","88","15","true","85","36","0","true"
"85.03333333333333","88","15","true","85.03333333333333","36","0","true"
"85.06666666666666","88","15","true","85.06666666666666","36","0","true"
"85.1","88","15","true","85.1","36","0","true"
"85.13333333333334","88","15","true","85.13333333333334","36","0","true"
"85.16666666666667","88","15","true","85.16666666666667","36","0","true"
"85.2","88","15","true","85.2","36","0","true"
"85.23333333333333","88","15","true","85.23333333333333","36","0","true"
"85.26666666666667","88","15","true","85.26666666666667","36","0","true"
"85.3","88","15","true","85.3","36","0","true"
"85.33333333333333","88","15","true","85.33333333333333","36","0","true"
"85.36666666666666","88","15","true","85.36666666666666","36","0","true"
"85.4","88","15","true","85.4","36","0","true"
"85.43333333333334","88","15","true","85.43333333333334","36","0","true"
"85.46666666666667","88","15","true","85.46666666666667","36","0","true"
"85.5","88","15","true","85.5","36","0","true"
"85.53333333333333","88","15","true","85.53333333333333","36","0","true"
"85.56666666666666","88","15","true","85.56666666666666","36","0","true"
"85.6","88","15","true","85.6","36","0","true"
"85.63333333333334","88","15","true","85.63333333333334","36","0","true"
"85.66666666666667","88","15","true","85.66666666666667","36","0","true"
"85.7","88","15","true","85.7","36","0","true"
"85.73333333333333","88","15","true","85.73333333333333","36","0","true"
"85.76666666666667","88","15","true","85.76666666666667","36","0","true"
"85.8","88","15","true","85.8","36","0","true"
"85.83333333333333","88","15","true","85.83333333333333","36","0","true"
"85.86666666666666","88","15","true","85.86666666666666","36","0","true"
"85.9","88","15","true","85.9","36","0","true"
"85.93333333333334","88","15","true","85.93333333333334","36","0","true"
"85.96666666666667","88","15","true","85.96666666666667","36","0","true"
"86","88","15","true","86","36","0","true"
"86.03333333333333","88","15","true","86.03333333333333","36","0","true"
"86.06666666666666","88","15","true","86.06666666666666","36","0","true"
"86.1","88","15","true","86.1","36","0","true"
"86.13333333333334","88","15","true","86.13333333333334","36","0","true"
"86.16666666666667","88","15","true","86.16666666666667","36","0","true"
"86.2","88","15","true","86.2","36","0","true"
"86.23333333333333","88","15","true","86.23333333333333","36","0","true"
"86.26666666666667","88","15","true","86.26666666666667","36","0","true"
"86.3","88","15","true","86.3","36","0","true"
"86.33333333333333","88","15","true","86.33333333333333","36","0","true"
"86.36666666666666","88","15","true","86.36666666666666","36","0","true"
"86.4","88","15","true","86.4","36","0","true"
"86.43333333333334","88","15","true","86.43333333333334","36","0","true"
"86.46666666666667","88","15","true","86.46666666666667","36","0","true"
"86.5","88","15","true","86.5","36","0","true"
"86.53333333333333","88","15","true","86.53333333333333","36","0","true"
"86.56666666666666","88","15","true","86.56666666666666","36","0","true"
"86.6","88","15","true","86.6","36","0","true"
"86.63333333333334","88","15","true","86.63333333333334","36","0","true"
"86.66666666666667","88","15","true","86.66666666666667","36","0","true"
"86.7","88","15","true","86.7","36","0","true"
"86.73333333333333","88","15","true","86.73333333333333","36","0","true"
"86.76666666666667","88","15","true","86.76666666666667","36","0","true"
"86.8","88","15","true","86.8","36","0","true"
"86.83333333333333","88","15","true","86.83333333333333","36","0","true"
"86.86666666666666","88","15","true","86.86666666666666","36","0","true"
"86.9","88","15","true","86.9","36","0","true"
"86.93333333333334","88","15","true","86.93333333333334","36","0","true"
"86.96666666666667","88","15","true","86.96666666666667","36","0","true"
"87","88","15","true","87","36","0","true"
"87.03333333333333","88","15","true","87.03333333333333","36","0","true"
"87.06666666666666","88","15","true","87.06666666666666","36","0","true"
"87.1","88","15","true","87.1","36","0","true"
"87.13333333333334","88","15","true","87.13333333333334","36","0","true"
"87.16666666666667","88","15","true","87.16666666666667","36","0","true"
"87.2","88","15","true","87.2","36","0","true"
"87.23333333333333","88","15","true","87.23333333333333","36","0","true"
"87.26666666666667","88","15","true","87.26666666666667","36","0","true"
"87.3","88","15","true","87.3","36","0","true"
"87.33333333333333","88","15","true","87.33333333333333","36","0","true"
"87.36666666666666","88","15","true","87.36666666666666","36","0","true"
"87.4","88","15","true","87.4","36","0","true"
"87.43333333333334","88","15","true","87.43333333333334","36","0","true"
"87.46666666666667","88","15","true","87.46666666666667","36","0","true"
"87.5","88","15","true","87.5","36","0","true"
"87.53333333333333","88","15","true","87.53333333333333","36","0","true"
"87.56666666666666","88","15","true","87.56666666666666","36","0","true"
"87.6","88","15","true","87.6","36","0","true"
"87.63333333333334","88","15","true","87.63333333333334","40","0","true"
"87.66666666666667","88","15","true","87.66666666666667","40","0","true"
"87.7","88","15","true","87.7","40","0","true"
"87.73333333333333","88","15","true","87.73333333333333","40","0","true"
"87.76666666666667","88","15","true","87.76666666666667","40","0","true"
"87.8","88","15","true","87.8","40","0","true"
"87.83333333333333","88","15","true","87.83333333333333","40","0","true"
"87.86666666666666","88","15","true","87.86666666666666","40","0","true"
"87.9","88","15","true","87.9","40","0","true"
"87.93333333333334","88","15","true","87.93333333333334","40","0","true"
"87.96666666666667","88","15","true","87.96666666666667","40","0","true"
"88","88","15","true","88","40","0","true"
"88.03333333333333","88","15","true","88.03333333333333","40","0","true"
"88.06666666666666","88","15","true","88.06666666666666","40","0","true"
"88.1","88","15","true","88.1","40","0","true"
"88.13333333333334","88","15","true","88.13333333333334","40","0","true"
"88.16666666666667","88","15","true","88.16666666666667","40","0","true"
"88.2","88","15","true","88.2","40","0","true"
"88.23333333333333","88","15","true","88.23333333333333","40","0","true"
"88.26666666666667","88","15","true","88.26666666666667","40","0","true"
"88.3","88","15","true","88.3","40","0","true"
"88.33333333333333","88","15","true","88.33333333333333","40","0","true"
"88.36666666666666","88","15","true","88.36666666666666","40","0","true"
"88.4","88","15","true","88.4","40","0","true"
"88.43333333333334","88","15","true","88.43333333333334","40","0","true"
"88.46666666666667","88","15","true","88.46666666666667","40","0","true"
"88.5","88","15","true","88.5","40","0","true"
"88.53333333333333","88","15","true","88.53333333333333","40","0","true"
"88.56666666666666","88","15","true","88.56666666666666","40","0","true"
"88.6","88","15","true","88.6","40","0","true"
"88.63333333333334","88","15","true","88.63333333333334","40","0","true"
"88.66666666666667","88","15","true","88.66666666666667","40","0","true"
"88.7","88","15","true","88.7","40","0","true"
"88.73333333333333","88","15","true","88.73333333333333","40","0","true"
"88.76666666666667","88","15","true","88.76666666666667","40","0","true"
"88.8","88","15","true","88.8","40","0","true"
"88.83333333333333","88","15","true","88.83333333333333","40","0","true"
"88.86666666666666","88","15","true","88.86666666666666","40","0","true"
"88.9","88","15","true","88.9","40","0","true"
"88.93333333333334","88","15","true","88.93333333333334","40","0","true"
"88.96666666666667","88","15","true","88.96666666666667","40","0","true"
"89","88","15","true","89","40","0","true"
"89.03333333333333","88","15","true","89.03333333333333","40","0","true"
"89.06666666666666","88","15","true","89.06666666666666","40","0","true"
"89.1","88","15","true","89.1","40","0","true"
"89.13333333333334","88","15","true","89.13333333333334","40","0","true"
"89.16666666666667","88","15","true","89.16666666666667","40","0","true"
"89.2","88","15","true","89.2","40","0","true"
"89.23333333333333","88","15","true","89.23333333333333","40","0","true"
"89.26666666666667","88","15","true","89.26666666666667","40","0","true"
"89.3","88","15","true","89.3","40","0","true"
"89.33333333333333","88","15","true","89.33333333333333","40","0","true"
"89.36666666666666","88","15","true","89.36666666666666","40","0","true"
"89.4","88","15","true","89.4","40","0","true"
"89.43333333333334","88","15","true","89.43333333333334","40","0","true"
"89.46666666666667","88","15","true","89.46666666666667","40","0","true"
"89.5","88","15","true","89.5","40","0","true"
"89.53333333333333","88","15","true","89.53333333333333","40","0","true"
"89.56666666666666","88","15","true","89.56666666666666","40","0","true"
"89.6","88","15","true","89.6","40","0","true"
"89.63333333333334","88","15","true","89.63333333333334","40","0","true"
"89.66666666666667","88","15","true","89.66666666666667","40","0","true"
"89.7","88","15","true","89.7","40","0","true"
"89.73333333333333","88","15","true","89.73333333333333","40","0","true"
"89.76666666666667","88","15","true","89.76666666666667","40","0","true"
"89.8","88","15","true","89.8","40","0","true"
"89.83333333333333","88","15","true","89.83333333333333","40","0","true"
"89.86666666666666","88","15","true","89.86666666666666","40","0","true"
"89.9","88","15","true","89.9","40","0","true"
"89.93333333333334","88","15","true","89.93333333333334","40","0","true"
"89.96666666666667","88","15","true","89.96666666666667","40","0","true"
"90","88","15","true","90","40","0","true"
"90.03333333333333","88","15","true","90.03333333333333","40","0","true"
"90.06666666666666","88","15","true","90.06666666666666","40","0","true"
"90.1","88","15","true","90.1","40","0","true"
"90.13333333333334","88","15","true","90.13333333333334","40","0","true"
"90.16666666666667","88","15","true","90.16666666666667","40","0","true"
"90.2","88","15","true","90.2","40","0","true"
"90.23333333333333","88","15","true","90.23333333333333","40","0","true"
"90.26666666666667","88","15","true","90.26666666666667","40","0","true"
"90.3","88","15","true","90.3","40","0","true"
"90.33333333333333","88","15","true","90.33333333333333","40","0","true"
"90.36666666666666","88","15","true","90.36666666666666","40","0","true"
"90.4","88","15","true","90.4","40","0","true"
"90.43333333333334","88","15","true","90.43333333333334","40","0","true"
"90.46666666666667","88","15","true","90.46666666666667","40","0","true"
"90.5","88","15","true","90.5","44","0","true"
"90.53333333333333","88","15","true","90.53333333333333","44","0","true"
"90.56666666666666","88","15","true","90.56666666666666","44","0","true"
"90.6","88","15","true","90.6","44","0","true"
"90.63333333333334","88","15","true","90.63333333333334","44","0","true"
"90.66666666666667","88","15","true","90.66666666666667","44","0","true"
"90.7","88","15","true","90.7","44","0","true"
"90.73333333333333","88","15","true","90.73333333333333","44","0","true"
"90.76666666666667","88","15","true","90.76666666666667","44","0","true"
"90.8","88","15","true","90.8","44","0","true"
"90.83333333333333","88","15","true","90.83333333333333","44","0","true"
"90.86666666666666","88","15","true","90.86666666666666","44","0","true"
"90.9","88","15","true","90.9","44","0","true"
"90.93333333333334","88","15","true","90.93333333333334","44","0","true"
"90.96666666666667","88","15","true","90.96666666666667","44","0","true"
"91","88","15","true","91","44","0","true"
"91.03333333333333","88","15","true","91.03333333333333","44","0","true"
"91.06666666666666","88","15","true","91.06666666666666","44","0","true"
"91.1","88","15","true","91.1","44","0","true"
"91.13333333333334","88","15","true","91.13333333333334","44","0","true"
"91.16666666666667","88","15","true","91.16666666666667","44","0","true"
"91.2","88","15","true","91.2","44","0","true"
"91.23333333333333","88","15","true","91.23333333333333","44","0","true"
"91.26666666666667","88","15","true","91.26666666666667","44","0","true"
"91.3","88","15","true","91.3","44","0","true"
"91.33333333333333","88","15","true","91.33333333333333","44","0","true"
"91.36666666666666","88","15","true","91.36666666666666","44","0","true"
"91.4","88","15","true","91.4","44","0","true"
"91.43333333333334","88","15","true","91.43333333333334","44","0","true"
"91.46666666666667","88","15","true","91.46666666666667","44","0","true"
"91.5","88","15","true","91.5","44","0","true"
"91.53333333333333","88","15","true","91.53333333333333","44","0","true"
"91.56666666666666","88","15","true","91.56666666666666","44","0","true"
"91.6","88","15","true","91.6","44","0","true"
"91.63333333333334","88","15","true","91.63333333333334","44","0","true"
"91.66666666666667","88","15","true","91.66666666666667","44","0","true"
"91.7","88","15","true","91.7","44","0","true"
"91.73333333333333","88","15","true","91.73333333333333","44","0","true"
"91.76666666666667","88","15","true","91.76666666666667","44","0","true"
"91.8","88","15","true","91.8","44","0","true"
"91.83333333333333","88","15","true","91.83333333333333","44","0","true"
"91.86666666666666","88","15","true","91.86666666666666","44","0","true"
"91.9","88","15","true","91.9","44","0","true"
"91.93333333333334","88","15","true","91.93333333333334","44","0","true"
"91.96666666666667","88","15","true","91.96666666666667","44","0","true"
"92","88","15","true","92","44","0","true"
"92.03333333333333","88","15","true","92.03333333333333","44","0","true"
"92.06666666666666","88","15","true","92.06666666666666","44","0","true"
"92.1","88","15","true","92.1","44","0","true"
"92.13333333333334","88","15","true","92.13333333333334","44","0","true"
"92.16666666666667","88","15","true","92.16666666666667","44","0","true"
"92.2","88","15","true","92.2","44","0","true"
"92.23333333333333","88","15","true","92.23333333333333","44","0","true"
"92.26666666666667","88","15","true","92.26666666666667","44","0","true"
"92.3","88","15","true","92.3","44","0","true"
"92.33333333333333","88","15","true","92.33333333333333","44","0","true"
"92.36666666666666","88","15","true","92.36666666666666","44","0","true"
"92.4","88","15","true","92.4","44","0","true"
"92.43333333333334","88","15","true","92.43333333333334","44","0","true"
"92.46666666666667","88","15","true","92.46666666666667","44","0","true"
"92.5","88","15","true","92.5","44","0","true"
"92.53333333333333","88","15","true","92.53333333333333","44","0","true"
"92.56666666666666","88","15","true","92.56666666666666","44","0","true"
"92.6","88","15","true","92.6","44","0","true"
"92.63333333333334","88","15","true","92.63333333333334","44","0","true"
"92.66666666666667","88","15","true","92.66666666666667","44","0","true"
"92.7","88","15","true","92.7","44","0","true"
"92.73333333333333","88","15","true","92.73333333333333","44","0","true"
"92.76666666666667","88","15","true","92.76666666666667","44","0","true"
"92.8","88","15","true","92.8","44","0","true"
"92.83333333333333","88","15","true","92.83333333333333","44","0","true"
"92.86666666666666","88","15","true","92.86666666666666","44","0","true"
"92.9","88","15","true","92.9","44","0","true"
"92.93333333333334","88","15","true","92.93333333333334","44","0","true"
"92.96666666666667","88","15","true","92.96666666666667","44","0","true"
"93","88","15","true","93","44","0","true"
"93.03333333333333","88","15","true","93.03333333333333","44","0","true"
"93.06666666666666","88","15","true","93.06666666666666","44","0","true"
"93.1","88","15","true","93.1","44","0","true"
"93.13333333333334","88","15","true","93.13333333333334","44","0","true"
"93.16666666666667","88","15","true","93.16666666666667","44","0","true"
"93.2","88","15","true","93.2","44","0","true"
"93.23333333333333","88","15","true","93.23333333333333","44","0","true"
"93.26666666666667","88","15","true","93.26666666666667","44","0","true"
"93.3","88","15","true","93.3","44","0","true"
"93.33333333333333","88","15","true","93.33333333333333","44","0","true"
"93.36666666666666","88","15","true","93.36666666666666","44","0","true"
"93.4","88","15","true","93.4","44","0","true"
"93.43333333333334","88","15","true","93.43333333333334","44","0","true"
"93.46666666666667","88","15","true","93.46666666666667","44","0","true"
"93.5","88","15","true","93.5","44","0","true"
"93.53333333333333","88","15","true","93.53333333333333","44","0","true"
"93.56666666666666","88","15","true","93.56666666666666","44","0","true"
"93.6","88","15","true","93.6","44","0","true"
"93.63333333333334","88","15","true","93.63333333333334","44","0","true"
"93.66666666666667","88","15","true","93.66666666666667","44","0","true"
"93.7","88","15","true","93.7","44","0","true"
"93.73333333333333","88","15","true","93.73333333333333","44","0","true"
"93.76666666666667","88","15","true","93.76666666666667","44","0","true"
"93.8","88","15","true","93.8","44","0","true"
"93.83333333333333","88","15","true","93.83333333333333","44","0","true"
"93.86666666666666","88","15","true","93.86666666666666","44","0","true"
"93.9","88","15","true","93.9","44","0","true"
"93.93333333333334","88","15","true","93.93333333333334","44","0","true"
"93.96666666666667","88","15","true","93.96666666666667","44","0","true"
"94","88","15","true","94","44","0","true"
"94.03333333333333","88","15","true","94.03333333333333","44","0","true"
"94.06666666666666","88","15","true","94.06666666666666","44","0","true"
"94.1","88","15","true","94.1","44","0","true"
"94.13333333333334","88","15","true","94.13333333333334","44","0","true"
"94.16666666666667","88","15","true","94.16666666666667","44","0","true"
"94.2","88","15","true","94.2","44","0","true"
"94.23333333333333","88","15","true","94.23333333333333","44","0","true"
"94.26666666666667","88","15","true","94.26666666666667","44","0","true"
"94.3","88","15","true","94.3","44","0","true"
"94.33333333333333","88","15","true","94.33333333333333","44","0","true"
"94.36666666666666","88","15","true","94.36666666666666","44","0","true"
"94.4","88","15","true","94.4","44","0","true"
"94.43333333333334","88","15","true","94.43333333333334","44","0","true"
"94.46666666666667","88","15","true","94.46666666666667","44","0","true"
"94.5","88","15","true","94.5","44","0","true"
"94.53333333333333","88","15","true","94.53333333333333","44","0","true"
"94.56666666666666","88","15","true","94.56666666666666","44","0","true"
"94.6","88","15","true","94.6","44","0","true"
"94.63333333333334","88","15","true","94.63333333333334","44","0","true"
"94.66666666666667","88","15","true","94.66666666666667","44","0","true"
"94.7","88","15","true","94.7","44","0","true"
"94.73333333333333","88","15","true","94.73333333333333","44","0","true"
"94.76666666666667","92","15","true","94.76666666666667","44","0","true"
"94.8","92","15","true","94.8","44","0","true"
"94.83333333333333","92","15","true","94.83333333333333","44","0","true"
"94.86666666666666","92","15","true","94.86666666666666","44","0","true"
"94.9","92","15","true","94.9","44","0","true"
"94.93333333333334","92","15","true","94.93333333333334","44","0","true"
"94.96666666666667","92","15","true","94.96666666666667","44","0","true"
"95","92","15","true","95","44","0","true"
"95.03333333333333","92","15","true","95.03333333333333","44","0","true"
"95.06666666666666","92","15","true","95.06666666666666","44","0","true"
"95.1","92","15","true","95.1","44","0","true"
"95.13333333333334","92","15","true","95.13333333333334","44","0","true"
"95.16666666666667","92","15","true","95.16666666666667","44","0","true"
"95.2","92","15","true","95.2","44","0","true"
"95.23333333333333","92","15","true","95.23333333333333","44","0","true"
"95.26666666666667","92","15","true","95.26666666666667","44","0","true"
"95.3","92","15","true","95.3","44","0","true"
"95.33333333333333","92","15","true","95.33333333333333","44","0","true"
"95.36666666666666","92","15","true","95.36666666666666","44","0","true"
"95.4","92","15","true","95.4","44","0","true"
"95.43333333333334","92","15","true","95.43333333333334","44","0","true"
"95.46666666666667","92","15","true","95.46666666666667","44","0","true"
"95.5","92","15","true","95.5","44","0","true"
"95.53333333333333","92","15","true","95.53333333333333","44","0","true"
"95.56666666666666","92","15","true","95.56666666666666","44","0","true"
"95.6","92","15","true","95.6","44","0","true"
"95.63333333333334","92","15","true","95.63333333333334","44","0","true"
"95.66666666666667","92","15","true","95.66666666666667","44","0","true"
"95.7","92","15","true","95.7","44","0","true"
"95.73333333333333","92","15","true","95.73333333333333","44","0","true"
"95.76666666666667","92","15","true","95.76666666666667","44","0","true"
"95.8","92","15","true","95.8","44","0","true"
"95.83333333333333","92","15","true","95.83333333333333","44","0","true"
"95.86666666666666","92","15","true","95.86666666666666","44","0","true"
"95.9","92","15","true","95.9","44","0","true"
"95.93333333333334","92","15","true","95.93333333333334","44","0","true"
"95.96666666666667","92","15","true","95.96666666666667","44","0","true"
"96","92","15","true","96","44","0","true"
"96.03333333333333","92","15","true","96.03333333333333","44","0","true"
"96.06666666666666","92","15","true","96.06666666666666","44","0","true"
"96.1","92","15","true","96.1","44","0","true"
"96.13333333333334","92","15","true","96.13333333333334","44","0","true"
"96.16666666666667","92","15","true","96.16666666666667","44","0","true"
"96.2","92","15","true","96.2","44","0","true"
"96.23333333333333","92","15","true","96.23333333333333","44","0","true"
"96.26666666666667","92","15","true","96.26666666666667","44","0","true"
"96.3","92","15","true","96.3","44","0","true"
"96.33333333333333","92","15","true","96.33333333333333","44","0","true"
"96.36666666666666","92","15","true","96.36666666666666","44","0","true"
"96.4","92","15","true","96.4","44","0","true"
"96.43333333333334","92","15","true","96.43333333333334","44","0","true"
"96.46666666666667","92","15","true","96.46666666666667","44","0","true"
"96.5","92","15","true","96.5","44","0","true"
"96.53333333333333","92","15","true","96.53333333333333","44","0","true"
"96.56666666666666","92","15","true","96.56666666666666","44","0","true"
"96.6","92","15","true","96.6","44","0","true"
"96.63333333333334","92","15","true","96.63333333333334","44","0","true"
"96.66666666666667","92","15","true","96.66666666666667","44","0","true"
"96.7","92","15","true","96.7","44","0","true"
"96.73333333333333","92","15","true","96.73333333333333","44","0","true"
"96.76666666666667","92","15","true","96.76666666666667","44","0","true"
"96.8","92","15","true","96.8","44","0","true"
"96.83333333333333","92","15","true","96.83333333333333","44","0","true"
"96.86666666666666","92","15","true","96.86666666666666","44","0","true"
"96.9","92","15","true","96.9","44","0","true"
"96.93333333333334","92","15","true","96.93333333333334","44","0","true"
"96.96666666666667","92","15","true","96.96666666666667","44","0","true"
"97","92","15","true","97","44","0","true"
"97.03333333333333","92","15","true","97.03333333333333","44","0","true"
"97.06666666666666","92","15","true","97.06666666666666","44","0","true"
"97.1","92","15","true","97.1","44","0","true"
"97.13333333333334","92","15","true","97.13333333333334","44","0","true"
"97.16666666666667","92","15","true","97.16666666666667","44","0","true"
"97.2","92","15","true","97.2","44","0","true"
"97.23333333333333","92","15","true","97.23333333333333","44","0","true"
"97.26666666666667","92","15","true","97.26666666666667","44","0","true"
"97.3","92","15","true","97.3","44","0","true"
"97.33333333333333","92","15","true","97.33333333333333","44","0","true"
"97.36666666666666","92","15","true","97.36666666666666","44","0","true"
"97.4","92","15","true","97.4","44","0","true"
"97.43333333333334","92","15","true","97.43333333333334","44","0","true"
"97.46666666666667","92","15","true","97.46666666666667","44","0","true"
"97.5","92","15","true","97.5","44","0","true"
"97.53333333333333","92","15","true","97.53333333333333","44","0","true"
"97.56666666666666","92","15","true","97.56666666666666","44","0","true"
"97.6","92","15","true","97.6","44","0","true"
"97.63333333333334","92","15","true","97.63333333333334","44","0","true"
"97.66666666666667","92","15","true","97.66666666666667","44","0","true"
"97.7","92","15","true","97.7","44","0","true"
"97.73333333333333","92","15","true","97.73333333333333","44","0","true"
"97.76666666666667","92","15","true","97.76666666666667","44","0","true"
"97.8","92","15","true","97.8","44","0","true"
"97.83333333333333","92","15","true","97.83333333333333","44","0","true"
"97.86666666666666","92","15","true","97.86666666666666","44","0","true"
"97.9","92","15","true","97.9","44","0","true"
"97.93333333333334","92","15","true","97.93333333333334","44","0","true"
"97.96666666666667","92","15","true","97.96666666666667","44","0","true"
"98","92","15","true","98","44","0","true"
"98.03333333333333","92","15","true","98.03333333333333","44","0","true"
"98.06666666666666","92","15","true","98.06666666666666","44","0","true"
"98.1","92","15","true","98.1","44","0","true"
"98.13333333333334","92","15","true","98.13333333333334","44","0","true"
"98.16666666666667","92","15","true","98.16666666666667","44","0","true"
"98.2","92","15","true","98.2","44","0","true"
"98.23333333333333","92","15","true","98.23333333333333","44","0","true"
"98.26666666666667","92","15","true","98.26666666666667","44","0","true"
"98.3","92","15","true","98.3","44","0","true"
"98.33333333333333","92","15","true","98.33333333333333","44","0","true"
"98.36666666666666","92","15","true","98.36666666666666","44","0","true"
"98.4","92","15","true","98.4","44","0","true"
"98.43333333333334","92","15","true","98.43333333333334","44","0","true"
"98.46666666666667","92","15","true","98.46666666666667","44","0","true"
"98.5","92","15","true","98.5","44","0","true"
"98.53333333333333","92","15","true","98.53333333333333","44","0","true"
"98.56666666666666","92","15","true","98.56666666666666","44","0","true"
"98.6","92","15","true","98.6","44","0","true"
"98.63333333333334","92","15","true","98.63333333333334","44","0","true"
"98.66666666666667","92","15","true","98.66666666666667","44","0","true"
"98.7","92","15","true","98.7","44","0","true"
"98.73333333333333","92","15","true","98.73333333333333","44","0","true"
"98.76666666666667","92","15","true","98.76666666666667","44","0","true"
"98.8","92","15","true","98.8","44","0","true"
"98.83333333333333","92","15","true","98.83333333333333","44","0","true"
"98.86666666666666","92","15","true","98.86666666666666","44","0","true"
"98.9","92","15","true","98.9","44","0","true"
"98.93333333333334","92","15","true","98.93333333333334","44","0","true"
"98.96666666666667","92","15","true","98.96666666666667","44","0","true"
"99","92","15","true","99","44","0","true"
"99.03333333333333","92","15","true","99.03333333333333","44","0","true"
"99.06666666666666","92","15","true","99.06666666666666","44","0","true"
"99.1","92","15","true","99.1","44","0","true"
"99.13333333333334","92","15","true","99.13333333333334","44","0","true"
"99.16666666666667","92","15","true","99.16666666666667","44","0","true"
"99.2","92","15","true","99.2","44","0","true"
"99.23333333333333","92","15","true","99.23333333333333","44","0","true"
"99.26666666666667","92","15","true","99.26666666666667","44","0","true"
"99.3","92","15","true","99.3","44","0","true"
"99.33333333333333","92","15","true","99.33333333333333","44","0","true"
"99.36666666666666","92","15","true","99.36666666666666","44","0","true"
"99.4","92","15","true","99.4","44","0","true"
"99.43333333333334","92","15","true","99.43333333333334","44","0","true"
"99.46666666666667","92","15","true","99.46666666666667","44","0","true"
"99.5","92","15","true","99.5","44","0","true"
"99.53333333333333","92","15","true","99.53333333333333","44","0","true"
"99.56666666666666","92","15","true","99.56666666666666","44","0","true"
"99.6","92","15","true","99.6","44","0","true"
"99.63333333333334","92","15","true","99.63333333333334","44","0","true"
"99.66666666666667","92","15","true","99.66666666666667","44","0","true"
"99.7","92","15","true","99.7","44","0","true"
"99.73333333333333","92","15","true","99.73333333333333","44","0","true"
"99.76666666666667","92","15","true","99.76666666666667","44","0","true"
"99.8","92","15","true","99.8","44","0","true"
"99.83333333333333","92","15","true","99.83333333333333","44","0","true"
"99.86666666666666","92","15","true","99.86666666666666","44","0","true"
"99.9","92","15","true","99.9","44","0","true"
"99.93333333333334","92","15","true","99.93333333333334","44","0","true"
"99.96666666666667","92","15","true","99.96666666666667","44","0","true"
"100","92","15","true","100","44","0","true"
"100.03333333333333","92","15","true","100.03333333333333","44","0","true"
"100.06666666666666","92","15","true","100.06666666666666","44","0","true"
"100.1","92","15","true","100.1","44","0","true"
"100.13333333333334","92","15","true","100.13333333333334","44","0","true"
"100.16666666666667","92","15","true","100.16666666666667","44","0","true"
"100.2","92","15","true","100.2","44","0","true"
"100.23333333333333","92","15","true","100.23333333333333","44","0","true"
"100.26666666666667","92","15","true","100.26666666666667","44","0","true"
"100.3","92","15","true","100.3","44","0","true"
"100.33333333333333","92","15","true","100.33333333333333","44","0","true"
"100.36666666666666","92","15","true","100.36666666666666","44","0","true"
"100.4","92","15","true","100.4","44","0","true"
"100.43333333333334","92","15","true","100.43333333333334","44","0","true"
"100.46666666666667","92","15","true","100.46666666666667","44","0","true"
"100.5","92","15","true","100.5","44","0","true"
"100.53333333333333","92","15","true","100.53333333333333","44","0","true"
"100.56666666666666","92","15","true","100.56666666666666","44","0","true"
"100.6","92","15","true","100.6","44","0","true"
"100.63333333333334","92","15","true","100.63333333333334","44","0","true"
"100.66666666666667","92","15","true","100.66666666666667","44","0","true"
"100.7","92","15","true","100.7","44","0","true"
"100.73333333333333","92","15","true","100.73333333333333","44","0","true"
"100.76666666666667","92","15","true","100.76666666666667","44","0","true"
"100.8","92","15","true","100.8","44","0","true"
"100.83333333333333","92","15","true","100.83333333333333","44","0","true"
"100.86666666666666","92","15","true","100.86666666666666","44","0","true"
"100.9","92","15","true","100.9","44","0","true"
"100.93333333333334","92","15","true","100.93333333333334","44","0","true"
"100.96666666666667","92","15","true","100.96666666666667","44","0","true"
"101","92","15","true","101","44","0","true"
"101.03333333333333","92","15","true","101.03333333333333","44","0","true"
"101.06666666666666","92","15","true","101.06666666666666","44","0","true"
"101.1","92","15","true","101.1","44","0","true"
"101.13333333333334","92","15","true","101.13333333333334","44","0","true"
"101.16666666666667","92","15","true","101.16666666666667","44","0","true"
"101.2","92","15","true","101.2","44","0","true"
"101.23333333333333","92","15","true","101.23333333333333","44","0","true"
"101.26666666666667","92","15","true","101.26666666666667","44","0","true"
"101.3","92","15","true","101.3","44","0","true"
"101.33333333333333","92","15","true","101.33333333333333","44","0","true"
"101.36666666666666","92","15","true","101.36666666666666","44","0","true"
"101.4","92","15","true","101.4","44","0","true"
"101.43333333333334","92","15","true","101.43333333333334","44","0","true"
"101.46666666666667","92","15","true","101.46666666666667","44","0","true"
"101.5","92","15","true","101.5","44","0","true"
"101.53333333333333","96","15","true","101.53333333333333","44","0","true"
"101.56666666666666","96","15","true","101.56666666666666","44","0","true"
"101.6","96","15","true","101.6","44","0","true"
"101.63333333333334","96","15","true","101.63333333333334","44","0","true"
"101.66666666666667","96","15","true","101.66666666666667","44","0","true"
"101.7","96","15","true","101.7","44","0","true"
"101.73333333333333","96","15","true","101.73333333333333","44","0","true"
"101.76666666666667","96","15","true","101.76666666666667","44","0","true"
"101.8","96","15","true","101.8","44","0","true"
"101.83333333333333","96","15","true","101.83333333333333","44","0","true"
"101.86666666666666","96","15","true","101.86666666666666","44","0","true"
"101.9","96","15","true","101.9","44","0","true"
"101.93333333333334","96","15","true","101.93333333333334","44","0","true"
"101.96666666666667","96","15","true","101.96666666666667","44","0","true"
"102","96","15","true","102","44","0","true"
"102.03333333333333","96","15","true","102.03333333333333","44","0","true"
"102.06666666666666","96","15","true","102.06666666666666","44","0","true"
"102.1","96","15","true","102.1","44","0","true"
"102.13333333333334","96","15","true","102.13333333333334","44","0","true"
"102.16666666666667","96","15","true","102.16666666666667","44","0","true"
"102.2","96","15","true","102.2","44","0","true"
"102.23333333333333","96","15","true","102.23333333333333","44","0","true"
"102.26666666666667","96","15","true","102.26666666666667","44","0","true"
"102.3","96","15","true","102.3","44","0","true"
"102.33333333333333","96","15","true","102.33333333333333","44","0","true"
"102.36666666666666","96","15","true","102.36666666666666","44","0","true"
"102.4","96","15","true","102.4","44","0","true"
"102.43333333333334","96","15","true","102.43333333333334","44","0","true"
"102.46666666666667","96","15","true","102.46666666666667","44","0","true"
"102.5","96","15","true","102.5","44","0","true"
"102.53333333333333","96","15","true","102.53333333333333","44","0","true"
"102.56666666666666","96","15","true","102.56666666666666","44","0","true"
"102.6","96","15","true","102.6","44","0","true"
"102.63333333333334","96","15","true","102.63333333333334","44","0","true"
"102.66666666666667","96","15","true","102.66666666666667","44","0","true"
"102.7","96","15","true","102.7","44","0","true"
"102.73333333333333","96","15","true","102.73333333333333","44","0","true"
"102.76666666666667","96","15","true","102.76666666666667","44","0","true"
"102.8","96","15","true","102.8","44","0","true"
"102.83333333333333","96","15","true","102.83333333333333","44","0","true"
"102.86666666666666","96","15","true","102.86666666666666","44","0","true"
"102.9","96","15","true","102.9","44","0","true"
"102.93333333333334","96","15","true","102.93333333333334","44","0","true"
"102.96666666666667","96","15","true","102.96666666666667","44","0","true"
"103","96","15","true","103","44","0","true"
"103.03333333333333","96","15","true","103.03333333333333","44","0","true"
"103.06666666666666","96","15","true","103.06666666666666","44","0","true"
"103.1","96","15","true","103.1","44","0","true"
"103.13333333333334","96","15","true","103.13333333333334","44","0","true"
"103.16666666666667","96","15","true","103.16666666666667","44","0","true"
"103.2","96","15","true","103.2","44","0","true"
"103.23333333333333","96","15","true","103.23333333333333","44","0","true"
"103.26666666666667","96","15","true","103.26666666666667","44","0","true"
"103.3","96","15","true","103.3","44","0","true"
"103.33333333333333","96","15","true","103.33333333333333","44","0","true"
"103.36666666666666","96","15","true","103.36666666666666","44","0","true"
"103.4","96","15","true","103.4","44","0","true"
"103.43333333333334","96","15","true","103.43333333333334","44","0","true"
"103.46666666666667","96","15","true","103.46666666666667","44","0","true"
"103.5","96","15","true","103.5","44","0","true"
"103.53333333333333","96","15","true","103.53333333333333","44","0","true"
"103.56666666666666","96","15","true","103.56666666666666","44","0","true"
"103.6","96","15","true","103.6","44","0","true"
"103.63333333333334","96","15","true","103.63333333333334","44","0","true"
"103.66666666666667","96","15","true","103.66666666666667","44","0","true"
"103.7","96","15","true","103.7","44","0","true"
"103.73333333333333","96","15","true","103.73333333333333","44","0","true"
"103.76666666666667","96","15","true","103.76666666666667","44","0","true"
"103.8","96","15","true","103.8","44","0","true"
"103.83333333333333","96","15","true","103.83333333333333","44","0","true"
"103.86666666666666","96","15","true","103.86666666666666","44","0","true"
"103.9","96","15","true","103.9","44","0","true"
"103.93333333333334","96","15","true","103.93333333333334","44","0","true"
"103.96666666666667","96","15","true","103.96666666666667","44","0","true"
"104","96","15","true","104","44","0","true"
"104.03333333333333","96","15","true","104.03333333333333","44","0","true"
"104.06666666666666","96","15","true","104.06666666666666","44","0","true"
"104.1","96","15","true","104.1","44","0","true"
"104.13333333333334","96","15","true","104.13333333333334","44","0","true"
"104.16666666666667","96","15","true","104.16666666666667","44","0","true"
"104.2","96","15","true","104.2","44","0","true"
"104.23333333333333","96","15","true","104.23333333333333","44","0","true"
"104.26666666666667","96","15","true","104.26666666666667","44","0","true"
"104.3","96","15","true","104.3","44","0","true"
"104.33333333333333","96","15","true","104.33333333333333","44","0","true"
"104.36666666666666","96","15","true","104.36666666666666","44","0","true"
"104.4","96","15","true","104.4","44","0","true"
"104.43333333333334","96","15","true","104.43333333333334","44","0","true"
"104.46666666666667","96","15","true","104.46666666666667","44","0","true"
"104.5","96","15","true","104.5","44","0","true"
"104.53333333333333","96","15","true","104.53333333333333","44","0","true"
"104.56666666666666","96","15","true","104.56666666666666","44","0","true"
"104.6","96","15","true","104.6","44","0","true"
"104.63333333333334","96","15","true","104.63333333333334","44","0","true"
"104.66666666666667","96","15","true","104.66666666666667","44","0","true"
"104.7","96","15","true","104.7","44","0","true"
"104.73333333333333","96","15","true","104.73333333333333","44","0","true"
"104.76666666666667","96","15","true","104.76666666666667","44","0","true"
"104.8","96","15","true","104.8","44","0","true"
"104.83333333333333","96","15","true","104.83333333333333","44","0","true"
"104.86666666666666","96","15","true","104.86666666666666","44","0","true"
"104.9","96","15","true","104.9","44","0","true"
"104.93333333333334","96","15","true","104.93333333333334","48","0","true"
"104.96666666666667","96","15","true","104.96666666666667","48","0","true"
"105","96","15","true","105","48","0","true"
"105.03333333333333","96","15","true","105.03333333333333","48","0","true"
"105.06666666666666","96","15","true","105.06666666666666","48","0","true"
"105.1","96","15","true","105.1","48","0","true"
"105.13333333333334","96","15","true","105.13333333333334","48","0","true"
"105.16666666666667","96","15","true","105.16666666666667","48","0","true"
"105.2","96","15","true","105.2","48","0","true"
"105.23333333333333","96","15","true","105.23333333333333","48","0","true"
"105.26666666666667","96","15","true","105.26666666666667","48","0","true"
"105.3","96","15","true","105.3","48","0","true"
"105.33333333333333","96","15","true","105.33333333333333","48","0","true"
"105.36666666666666","96","15","true","105.36666666666666","48","0","true"
"105.4","96","15","true","105.4","48","0","true"
"105.43333333333334","96","15","true","105.43333333333334","48","0","true"
"105.46666666666667","96","15","true","105.46666666666667","48","0","true"
"105.5","96","15","true","105.5","48","0","true"
"105.53333333333333","96","15","true","105.53333333333333","48","0","true"
"105.56666666666666","96","15","true","105.56666666666666","48","0","true"
"105.6","96","15","true","105.6","48","0","true"
"105.63333333333334","96","15","true","105.63333333333334","48","0","true"
"105.66666666666667","96","15","true","105.66666666666667","48","0","true"
"105.7","96","15","true","105.7","48","0","true"
"105.73333333333333","96","15","true","105.73333333333333","48","0","true"
"105.76666666666667","96","15","true","105.76666666666667","48","0","true"
"105.8","96","15","true","105.8","48","0","true"
"105.83333333333333","96","15","true","105.83333333333333","48","0","true"
"105.86666666666666","96","15","true","105.86666666666666","48","0","true"
"105.9","96","15","true","105.9","48","0","true"
"105.93333333333334","96","15","true","105.93333333333334","48","0","true"
"105.96666666666667","96","15","true","105.96666666666667","48","0","true"
"106","96","15","true","106","48","0","true"
"106.03333333333333","96","15","true","106.03333333333333","48","0","true"
"106.06666666666666","96","15","true","106.06666666666666","48","0","true"
"106.1","96","15","true","106.1","48","0","true"
"106.13333333333334","96","15","true","106.13333333333334","48","0","true"
"106.16666666666667","96","15","true","106.16666666666667","48","0","true"
"106.2","96","15","true","106.2","48","0","true"
"106.23333333333333","96","15","true","106.23333333333333","48","0","true"
"106.26666666666667","96","15","true","106.26666666666667","48","0","true"
"106.3","96","15","true","106.3","48","0","true"
"106.33333333333333","96","15","true","106.33333333333333","48","0","true"
"106.36666666666666","96","15","true","106.36666666666666","48","0","true"
"106.4","96","15","true","106.4","48","0","true"
"106.43333333333334","96","15","true","106.43333333333334","48","0","true"
"106.46666666666667","96","15","true","106.46666666666667","48","0","true"
"106.5","96","15","true","106.5","48","0","true"
"106.53333333333333","96","15","true","106.53333333333333","48","0","true"
"106.56666666666666","96","15","true","106.56666666666666","48","0","true"
"106.6","96","15","true","106.6","48","0","true"
"106.63333333333334","96","15","true","106.63333333333334","48","0","true"
"106.66666666666667","96","15","true","106.66666666666667","48","0","true"
"106.7","96","15","true","106.7","48","0","true"
"106.73333333333333","96","15","true","106.73333333333333","48","0","true"
"106.76666666666667","96","15","true","106.76666666666667","48","0","true"
"106.8","96","15","true","106.8","48","0","true"
"106.83333333333333","96","15","true","106.83333333333333","48","0","true"
"106.86666666666666","96","15","true","106.86666666666666","48","0","true"
"106.9","96","15","true","106.9","48","0","true"
"106.93333333333334","96","15","true","106.93333333333334","48","0","true"
"106.96666666666667","96","15","true","106.96666666666667","48","0","true"
"107","96","15","true","107","48","0","true"
"107.03333333333333","96","15","true","107.03333333333333","48","0","true"
"107.06666666666666","96","15","true","107.06666666666666","48","0","true"
"107.1","96","15","true","107.1","48","0","true"
"107.13333333333334","96","15","true","107.13333333333334","48","0","true"
"107.16666666666667","96","15","true","107.16666666666667","48","0","true"
"107.2","96","15","true","107.2","48","0","true"
"107.23333333333333","96","15","true","107.23333333333333","48","0","true"
"107.26666666666667","96","15","true","107.26666666666667","48","0","true"
"107.3","96","15","true","107.3","48","0","true"
"107.33333333333333","96","15","true","107.33333333333333","48","0","true"
"107.36666666666666","96","15","true","107.36666666666666","48","0","true"
"107.4","96","15","true","107.4","48","0","true"
"107.43333333333334","96","15","true","107.43333333333334","48","0","true"
"107.46666666666667","96","15","true","107.46666666666667","48","0","true"
"107.5","96","15","true","107.5","48","0","true"
"107.53333333333333","96","15","true","107.53333333333333","48","0","true"
"107.56666666666666","96","15","true","107.56666666666666","48","0","true"
"107.6","96","15","true","107.6","48","0","true"
"107.63333333333334","96","15","true","107.63333333333334","48","0","true"
"107.66666666666667","96","15","true","107.66666666666667","48","0","true"
"107.7","96","15","true","107.7","48","0","true"
"107.73333333333333","96","15","true","107.73333333333333","48","0","true"
"107.76666666666667","96","15","true","107.76666666666667","48","0","true"
"107.8","96","15","true","107.8","48","0","true"
"107.83333333333333","96","15","true","107.83333333333333","48","0","true"
"107.86666666666666","96","15","true","107.86666666666666","48","0","true"
"107.9","96","15","true","107.9","48","0","true"
"107.93333333333334","96","15","true","107.93333333333334","48","0","true"
"107.96666666666667","96","15","true","107.96666666666667","48","0","true"
"108","96","15","true","108","48","0","true"
"108.03333333333333","96","15","true","108.03333333333333","48","0","true"
"108.06666666666666","96","15","true","108.06666666666666","48","0","true"
"108.1","96","15","true","108.1","48","0","true"
"108.13333333333334","96","15","true","108.13333333333334","48","0","true"
"108.16666666666667","96","15","true","108.16666666666667","48","0","true"
"108.2","96","15","true","108.2","48","0","true"
"108.23333333333333","96","15","true","108.23333333333333","48","0","true"
"108.26666666666667","96","15","true","108.26666666666667","48","0","true"
"108.3","96","15","true","108.3","48","0","true"
"108.33333333333333","96","15","true","108.33333333333333","48","0","true"
"108.36666666666666","96","15","true","108.36666666666666","48","0","true"
"108.4","96","15","true","108.4","48","0","true"
"108.43333333333334","96","15","true","108.43333333333334","48","0","true"
"108.46666666666667","96","15","true","108.46666666666667","48","0","true"
"108.5","96","15","true","108.5","48","0","true"
"108.53333333333333","96","15","true","108.53333333333333","48","0","true"
"108.56666666666666","96","15","true","108.56666666666666","48","0","true"
"108.6","96","15","true","108.6","48","0","true"
"108.63333333333334","96","15","true","108.63333333333334","48","0","true"
"108.66666666666667","96","15","true","108.66666666666667","48","0","true"
"108.7","96","15","true","108.7","48","0","true"
"108.73333333333333","96","15","true","108.73333333333333","48","0","true"
"108.76666666666667","96","15","true","108.76666666666667","48","0","true"
"108.8","96","15","true","108.8","48","0","true"
"108.83333333333333","96","15","true","108.83333333333333","48","0","true"
"108.86666666666666","96","15","true","108.86666666666666","48","0","true"
"108.9","96","15","true","108.9","48","0","true"
"108.93333333333334","96","15","true","108.93333333333334","48","0","true"
"108.96666666666667","96","15","true","108.96666666666667","48","0","true"
"109","96","15","true","109","48","0","true"
"109.03333333333333","96","15","true","109.03333333333333","48","0","true"
"109.06666666666666","96","15","true","109.06666666666666","48","0","true"
"109.1","96","15","true","109.1","48","0","true"
"109.13333333333334","96","15","true","109.13333333333334","48","0","true"
"109.16666666666667","96","15","true","109.16666666666667","48","0","true"
"109.2","96","15","true","109.2","48","0","true"
"109.23333333333333","96","15","true","109.23333333333333","48","0","true"
"109.26666666666667","96","15","true","109.26666666666667","48","0","true"
"109.3","96","15","true","109.3","48","0","true"
"109.33333333333333","96","15","true","109.33333333333333","48","0","true"
"109.36666666666666","96","15","true","109.36666666666666","48","0","true"
"109.4","96","15","true","109.4","48","0","true"
"109.43333333333334","96","15","true","109.43333333333334","48","0","true"
"109.46666666666667","96","15","true","109.46666666666667","48","0","true"
"109.5","96","15","true","109.5","48","0","true"
"109.53333333333333","96","15","true","109.53333333333333","48","0","true"
"109.56666666666666","96","15","true","109.56666666666666","48","0","true"
"109.6","96","15","true","109.6","48","0","true"
"109.63333333333334","96","15","true","109.63333333333334","48","0","true"
"109.66666666666667","96","15","true","109.66666666666667","48","0","true"
"109.7","96","15","true","109.7","48","0","true"
"109.73333333333333","96","15","true","109.73333333333333","48","0","true"
"109.76666666666667","96","15","true","109.76666666666667","48","0","true"
"109.8","96","15","true","109.8","48","0","true"
"109.83333333333333","96","15","true","109.83333333333333","48","0","true"
"109.86666666666666","96","15","true","109.86666666666666","48","0","true"
"109.9","96","15","true","109.9","48","0","true"
"109.93333333333334","96","15","true","109.93333333333334","48","0","true"
"109.96666666666667","96","15","true","109.96666666666667","48","0","true"
"110","96","15","true","110","48","0","true"
"110.03333333333333","96","15","true","110.03333333333333","48","0","true"
"110.06666666666666","96","15","true","110.06666666666666","48","0","true"
"110.1","96","15","true","110.1","48","0","true"
"110.13333333333334","96","15","true","110.13333333333334","48","0","true"
"110.16666666666667","96","15","true","110.16666666666667","48","0","true"
"110.2","96","15","true","110.2","48","0","true"
"110.23333333333333","96","15","true","110.23333333333333","48","0","true"
"110.26666666666667","96","15","true","110.26666666666667","48","0","true"
"110.3","96","15","true","110.3","48","0","true"
"110.33333333333333","96","15","true","110.33333333333333","48","0","true"
"110.36666666666666","96","15","true","110.36666666666666","48","0","true"
"110.4","96","15","true","110.4","48","0","true"
"110.43333333333334","96","15","true","110.43333333333334","48","0","true"
"110.46666666666667","96","15","true","110.46666666666667","48","0","true"
"110.5","96","15","true","110.5","48","0","true"
"110.53333333333333","96","15","true","110.53333333333333","48","0","true"
"110.56666666666666","96","15","true","110.56666666666666","48","0","true"
"110.6","96","15","true","110.6","48","0","true"
"110.63333333333334","96","15","true","110.63333333333334","48","0","true"
"110.66666666666667","96","15","true","110.66666666666667","48","0","true"
"110.7","96","15","true","110.7","48","0","true"
"110.73333333333333","96","15","true","110.73333333333333","48","0","true"
"110.76666666666667","96","15","true","110.76666666666667","48","0","true"
"110.8","96","15","true","110.8","48","0","true"
"110.83333333333333","96","15","true","110.83333333333333","48","0","true"
"110.86666666666666","96","15","true","110.86666666666666","48","0","true"
"110.9","96","15","true","110.9","48","0","true"
"110.93333333333334","96","15","true","110.93333333333334","48","0","true"
"110.96666666666667","96","15","true","110.96666666666667","48","0","true"
"111","96","15","true","111","48","0","true"
"111.03333333333333","96","15","true","111.03333333333333","48","0","true"
"111.06666666666666","96","15","true","111.06666666666666","48","0","true"
"111.1","96","15","true","111.1","48","0","true"
"111.13333333333334","96","15","true","111.13333333333334","48","0","true"
"111.16666666666667","96","15","true","111.16666666666667","48","0","true"
"111.2","96","15","true","111.2","48","0","true"
"111.23333333333333","96","15","true","111.23333333333333","48","0","true"
"111.26666666666667","96","15","true","111.26666666666667","48","0","true"
"111.3","96","15","true","111.3","52","0","true"
"111.33333333333333","96","15","true","111.33333333333333","52","0","true"
"111.36666666666666","96","15","true","111.36666666666666","52","0","true"
"111.4","96","15","true","111.4","52","0","true"
"111.43333333333334","96","15","true","111.43333333333334","52","0","true"
"111.46666666666667","96","15","true","111.46666666666667","52","0","true"
"111.5","96","15","true","111.5","52","0","true"
"111.53333333333333","96","15","true","111.53333333333333","52","0","true"
"111.56666666666666","96","15","true","111.56666666666666","52","0","true"
"111.6","96","15","true","111.6","52","0","true"
"111.63333333333334","96","15","true","111.63333333333334","52","0","true"
"111.66666666666667","96","15","true","111.66666666666667","52","0","true"
"111.7","96","15","true","111.7","52","0","true"
"111.73333333333333","96","15","true","111.73333333333333","52","0","true"
"111.76666666666667","96","15","true","111.76666666666667","52","0","true"
"111.8","96","15","true","111.8","52","0","true"
"111.83333333333333","96","15","true","111.83333333333333","52","0","true"
"111.86666666666666","96","15","true","111.86666666666666","52","0","true"
"111.9","96","15","true","111.9","52","0","true"
"111.93333333333334","96","15","true","111.93333333333334","52","0","true"
"111.96666666666667","96","15","true","111.96666666666667","52","0","true"
"112","96","15","true","112","52","0","true"
"112.03333333333333","96","15","true","112.03333333333333","52","0","true"
"112.06666666666666","96","15","true","112.06666666666666","52","0","true"
"112.1","96","15","true","112.1","52","0","true"
"112.13333333333334","96","15","true","112.13333333333334","52","0","true"
"112.16666666666667","96","15","true","112.16666666666667","52","0","true"
"112.2","96","15","true","112.2","52","0","true"
"112.23333333333333","96","15","true","112.23333333333333","52","0","true"
"112.26666666666667","96","15","true","112.26666666666667","52","0","true"
"112.3","96","15","true","112.3","52","0","true"
"112.33333333333333","96","15","true","112.33333333333333","52","0","true"
"112.36666666666666","96","15","true","112.36666666666666","52","0","true"
"112.4","96","15","true","112.4","52","0","true"
"112.43333333333334","96","15","true","112.43333333333334","52","0","true"
"112.46666666666667","96","15","true","112.46666666666667","52","0","true"
"112.5","96","15","true","112.5","52","0","true"
"112.53333333333333","96","15","true","112.53333333333333","52","0","true"
"112.56666666666666","96","15","true","112.56666666666666","52","0","true"
"112.6","96","15","true","112.6","52","0","true"
"112.63333333333334","96","15","true","112.63333333333334","52","0","true"
"112.66666666666667","96","15","true","112.66666666666667","52","0","true"
"112.7","96","15","true","112.7","52","0","true"
"112.73333333333333","96","15","true","112.73333333333333","52","0","true"
"112.76666666666667","96","15","true","112.76666666666667","52","0","true"
"112.8","96","15","true","112.8","52","0","true"
"112.83333333333333","96","15","true","112.83333333333333","52","0","true"
"112.86666666666666","96","15","true","112.86666666666666","52","0","true"
"112.9","96","15","true","112.9","52","0","true"
"112.93333333333334","96","15","true","112.93333333333334","52","0","true"
"112.96666666666667","96","15","true","112.96666666666667","52","0","true"
"113","96","15","true","113","52","0","true"
"113.03333333333333","96","15","true","113.03333333333333","52","0","true"
"113.06666666666666","96","15","true","113.06666666666666","52","0","true"
"113.1","96","15","true","113.1","52","0","true"
"113.13333333333334","96","15","true","113.13333333333334","52","0","true"
"113.16666666666667","96","15","true","113.16666666666667","52","0","true"
"113.2","96","15","true","113.2","52","0","true"
"113.23333333333333","96","15","true","113.23333333333333","52","0","true"
"113.26666666666667","96","15","true","113.26666666666667","52","0","true"
"113.3","96","15","true","113.3","52","0","true"
"113.33333333333333","96","15","true","113.33333333333333","52","0","true"
"113.36666666666666","96","15","true","113.36666666666666","52","0","true"
"113.4","96","15","true","113.4","52","0","true"
"113.43333333333334","96","15","true","113.43333333333334","52","0","true"
"113.46666666666667","96","15","true","113.46666666666667","52","0","true"
"113.5","96","15","true","113.5","52","0","true"
"113.53333333333333","96","15","true","113.53333333333333","52","0","true"
"113.56666666666666","96","15","true","113.56666666666666","52","0","true"
"113.6","96","15","true","113.6","52","0","true"
"113.63333333333334","96","15","true","113.63333333333334","52","0","true"
"113.66666666666667","96","15","true","113.66666666666667","52","0","true"
"113.7","96","15","true","113.7","52","0","true"
"113.73333333333333","96","15","true","113.73333333333333","52","0","true"
"113.76666666666667","96","15","true","113.76666666666667","52","0","true"
"113.8","96","15","true","113.8","52","0","true"
"113.83333333333333","96","15","true","113.83333333333333","52","0","true"
"113.86666666666666","96","15","true","113.86666666666666","52","0","true"
"113.9","96","15","true","113.9","52","0","true"
"113.93333333333334","96","15","true","113.93333333333334","52","0","true"
"113.96666666666667","96","15","true","113.96666666666667","52","0","true"
"114","96","15","true","114","52","0","true"
"114.03333333333333","96","15","true","114.03333333333333","52","0","true"
"114.06666666666666","96","15","true","114.06666666666666","52","0","true"
"114.1","96","15","true","114.1","52","0","true"
"114.13333333333334","96","15","true","114.13333333333334","52","0","true"
"114.16666666666667","96","15","true","114.16666666666667","52","0","true"
"114.2","96","15","true","114.2","52","0","true"
"114.23333333333333","96","15","true","114.23333333333333","52","0","true"
"114.26666666666667","96","15","true","114.26666666666667","52","0","true"
"114.3","96","15","true","114.3","52","0","true"
"114.33333333333333","96","15","true","114.33333333333333","52","0","true"
"114.36666666666666","96","15","true","114.36666666666666","52","0","true"
"114.4","96","15","true","114.4","52","0","true"
"114.43333333333334","96","15","true","114.43333333333334","52","0","true"
"114.46666666666667","96","15","true","114.46666666666667","52","0","true"
"114.5","96","15","true","114.5","52","0","true"
"114.53333333333333","96","15","true","114.53333333333333","52","0","true"
"114.56666666666666","96","15","true","114.56666666666666","52","0","true"
"114.6","96","15","true","114.6","52","0","true"
"114.63333333333334","96","15","true","114.63333333333334","52","0","true"
"114.66666666666667","96","15","true","114.66666666666667","52","0","true"
"114.7","96","15","true","114.7","52","0","true"
"114.73333333333333","96","15","true","114.73333333333333","52","0","true"
"114.76666666666667","96","15","true","114.76666666666667","52","0","true"
"114.8","96","15","true","114.8","52","0","true"
"114.83333333333333","96","15","true","114.83333333333333","52","0","true"
"114.86666666666666","96","15","true","114.86666666666666","52","0","true"
"114.9","96","15","true","114.9","52","0","true"
"114.93333333333334","96","15","true","114.93333333333334","52","0","true"
"114.96666666666667","96","15","true","114.96666666666667","52","0","true"
"115","96","15","true","115","52","0","true"
"115.03333333333333","96","15","true","115.03333333333333","52","0","true"
"115.06666666666666","96","15","true","115.06666666666666","52","0","true"
"115.1","96","15","true","115.1","52","0","true"
"115.13333333333334","96","15","true","115.13333333333334","52","0","true"
"115.16666666666667","96","15","true","115.16666666666667","52","0","true"
"115.2","96","15","true","115.2","52","0","true"
"115.23333333333333","96","15","true","115.23333333333333","52","0","true"
"115.26666666666667","96","15","true","115.26666666666667","52","0","true"
"115.3","96","15","true","115.3","52","0","true"
"115.33333333333333","96","15","true","115.33333333333333","52","0","true"
"115.36666666666666","96","15","true","115.36666666666666","52","0","true"
"115.4","96","15","true","115.4","52","0","true"
"115.43333333333334","96","15","true","115.43333333333334","52","0","true"
"115.46666666666667","96","15","true","115.46666666666667","52","0","true"
"115.5","96","15","true","115.5","52","0","true"
"115.53333333333333","96","15","true","115.53333333333333","52","0","true"
"115.56666666666666","96","15","true","115.56666666666666","52","0","true"
"115.6","96","15","true","115.6","52","0","true"
"115.63333333333334","96","15","true","115.63333333333334","52","0","true"
"115.66666666666667","96","15","true","115.66666666666667","52","0","true"
"115.7","96","15","true","115.7","52","0","true"
"115.73333333333333","96","15","true","115.73333333333333","52","0","true"
"115.76666666666667","96","15","true","115.76666666666667","52","0","true"
"115.8","96","15","true","115.8","52","0","true"
"115.83333333333333","96","15","true","115.83333333333333","52","0","true"
"115.86666666666666","96","15","true","115.86666666666666","52","0","true"
"115.9","96","15","true","115.9","52","0","true"
"115.93333333333334","96","15","true","115.93333333333334","52","0","true"
"115.96666666666667","96","15","true","115.96666666666667","52","0","true"
"116","96","15","true","116","52","0","true"
"116.03333333333333","96","15","true","116.03333333333333","52","0","true"
"116.06666666666666","96","15","true","116.06666666666666","52","0","true"
"116.1","96","15","true","116.1","52","0","true"
"116.13333333333334","96","15","true","116.13333333333334","52","0","true"
"116.16666666666667","96","15","true","116.16666666666667","52","0","true"
"116.2","96","15","true","116.2","52","0","true"
"116.23333333333333","96","15","true","116.23333333333333","52","0","true"
"116.26666666666667","96","15","true","116.26666666666667","52","0","true"
"116.3","96","15","true","116.3","52","0","true"
"116.33333333333333","96","15","true","116.33333333333333","52","0","true"
"116.36666666666666","96","15","true","116.36666666666666","52","0","true"
"116.4","96","15","true","116.4","52","0","true"
"116.43333333333334","96","15","true","116.43333333333334","52","0","true"
"116.46666666666667","96","15","true","116.46666666666667","52","0","true"
"116.5","96","15","true","116.5","52","0","true"
"116.53333333333333","96","15","true","116.53333333333333","52","0","true"
"116.56666666666666","96","15","true","116.56666666666666","52","0","true"
"116.6","96","15","true","116.6","52","0","true"
"116.63333333333334","96","15","true","116.63333333333334","52","0","true"
"116.66666666666667","96","15","true","116.66666666666667","52","0","true"
"116.7","96","15","true","116.7","52","0","true"
"116.73333333333333","96","15","true","116.73333333333333","52","0","true"
"116.76666666666667","96","15","true","116.76666666666667","52","0","true"
"116.8","96","15","true","116.8","52","0","true"
"116.83333333333333","96","15","true","116.83333333333333","52","0","true"
"116.86666666666666","96","15","true","116.86666666666666","52","0","true"
"116.9","96","15","true","116.9","52","0","true"
"116.93333333333334","96","15","true","116.93333333333334","52","0","true"
"116.96666666666667","96","15","true","116.96666666666667","52","0","true"
"117","96","15","true","117","52","0","true"
"117.03333333333333","96","15","true","117.03333333333333","52","0","true"
"117.06666666666666","96","15","true","117.06666666666666","52","0","true"
"117.1","96","15","true","117.1","52","0","true"
"117.13333333333334","96","15","true","117.13333333333334","52","0","true"
"117.16666666666667","96","15","true","117.16666666666667","52","0","true"
"117.2","96","15","true","117.2","52","0","true"
"117.23333333333333","96","15","true","117.23333333333333","52","0","true"
"117.26666666666667","96","15","true","117.26666666666667","52","0","true"
"117.3","96","15","true","117.3","52","0","true"
"117.33333333333333","96","15","true","117.33333333333333","52","0","true"
"117.36666666666666","96","15","true","117.36666666666666","52","0","true"
"117.4","96","15","true","117.4","56.00000000000001","0","true"
"117.43333333333334","96","15","true","117.43333333333334","56.00000000000001","0","true"
"117.46666666666667","96","15","true","117.46666666666667","56.00000000000001","0","true"
"117.5","96","15","true","117.5","56.00000000000001","0","true"
"117.53333333333333","96","15","true","117.53333333333333","56.00000000000001","0","true"
"117.56666666666666","96","15","true","117.56666666666666","56.00000000000001","0","true"
"117.6","96","15","true","117.6","56.00000000000001","0","true"
"117.63333333333334","96","15","true","117.63333333333334","56.00000000000001","0","true"
"117.66666666666667","96","15","true","117.66666666666667","56.00000000000001","0","true"
"117.7","96","15","true","117.7","56.00000000000001","0","true"
"117.73333333333333","96","15","true","117.73333333333333","56.00000000000001","0","true"
"117.76666666666667","96","15","true","117.76666666666667","56.00000000000001","0","true"
"117.8","96","15","true","117.8","56.00000000000001","0","true"
"117.83333333333333","96","15","true","117.83333333333333","56.00000000000001","0","true"
"117.86666666666666","96","15","true","117.86666666666666","56.00000000000001","0","true"
"117.9","96","15","true","117.9","56.00000000000001","0","true"
"117.93333333333334","96","15","true","117.93333333333334","56.00000000000001","0","true"
"117.96666666666667","96","15","true","117.96666666666667","56.00000000000001","0","true"
"118","96","15","true","118","56.00000000000001","0","true"
"118.03333333333333","96","15","true","118.03333333333333","56.00000000000001","0","true"
"118.06666666666666","96","15","true","118.06666666666666","56.00000000000001","0","true"
"118.1","96","15","true","118.1","56.00000000000001","0","true"
"118.13333333333334","96","15","true","118.13333333333334","56.00000000000001","0","true"
"118.16666666666667","96","15","true","118.16666666666667","56.00000000000001","0","true"
"118.2","96","15","true","118.2","56.00000000000001","0","true"
"118.23333333333333","96","15","true","118.23333333333333","56.00000000000001","0","true"
"118.26666666666667","96","15","true","118.26666666666667","56.00000000000001","0","true"
"118.3","96","15","true","118.3","56.00000000000001","0","true"
"118.33333333333333","96","15","true","118.33333333333333","56.00000000000001","0","true"
"118.36666666666666","96","15","true","118.36666666666666","56.00000000000001","0","true"
"118.4","96","15","true","118.4","56.00000000000001","0","true"
"118.43333333333334","96","15","true","118.43333333333334","56.00000000000001","0","true"
"118.46666666666667","96","15","true","118.46666666666667","56.00000000000001","0","true"
"118.5","96","15","true","118.5","56.00000000000001","0","true"
"118.53333333333333","96","15","true","118.53333333333333","56.00000000000001","0","true"
"118.56666666666666","96","15","true","118.56666666666666","56.00000000000001","0","true"
"118.6","96","15","true","118.6","56.00000000000001","0","true"
"118.63333333333334","96","15","true","118.63333333333334","56.00000000000001","0","true"
"118.66666666666667","96","15","true","118.66666666666667","56.00000000000001","0","true"
"118.7","96","15","true","118.7","56.00000000000001","0","true"
"118.73333333333333","96","15","true","118.73333333333333","56.00000000000001","0","true"
"118.76666666666667","96","15","true","118.76666666666667","56.00000000000001","0","true"
"118.8","96","15","true","118.8","56.00000000000001","0","true"
"118.83333333333333","96","15","true","118.83333333333333","56.00000000000001","0","true"
"118.86666666666666","96","15","true","118.86666666666666","56.00000000000001","0","true"
"118.9","96","15","true","118.9","56.00000000000001","0","true"
"118.93333333333334","96","15","true","118.93333333333334","60","0","true"
"118.96666666666667","96","15","true","118.96666666666667","60","0","true"
"119","96","15","true","119","60","0","true"
"119.03333333333333","96","15","true","119.03333333333333","60","0","true"
"119.06666666666666","96","15","true","119.06666666666666","60","0","true"
"119.1","96","15","true","119.1","60","0","true"
"119.13333333333334","96","15","true","119.13333333333334","60","0","true"
"119.16666666666667","96","15","true","119.16666666666667","60","0","true"
"119.2","96","15","true","119.2","60","0","true"
"119.23333333333333","96","15","true","119.23333333333333","60","0","true"
"119.26666666666667","96","15","true","119.26666666666667","60","0","true"
"119.3","96","15","true","119.3","60","0","true"
"119.33333333333333","96","15","true","119.33333333333333","60","0","true"
"119.36666666666666","96","15","true","119.36666666666666","60","0","true"
"119.4","96","15","true","119.4","60","0","true"
"119.43333333333334","96","15","true","119.43333333333334","60","0","true"
"119.46666666666667","96","15","true","119.46666666666667","60","0","true"
"119.5","96","15","true","119.5","60","0","true"
"119.53333333333333","96","15","true","119.53333333333333","60","0","true"
"119.56666666666666","96","15","true","119.56666666666666","60","0","true"
"119.6","96","15","true","119.6","60","0","true"
"119.63333333333334","96","15","true","119.63333333333334","60","0","true"
"119.66666666666667","96","15","true","119.66666666666667","60","0","true"
"119.7","96","15","true","119.7","60","0","true"
"119.73333333333333","96","15","true","119.73333333333333","60","0","true"
"119.76666666666667","96","15","true","119.76666666666667","60","0","true"
"119.8","96","15","true","119.8","60","0","true"
"119.83333333333333","96","15","true","119.83333333333333","60","0","true"
"119.86666666666666","96","15","true","119.86666666666666","60","0","true"
"119.9","96","15","true","119.9","60","0","true"
"119.93333333333334","96","15","true","119.93333333333334","60","0","true"
"119.96666666666667","96","15","true","119.96666666666667","60","0","true"
"120","96","15","true","120","60","0","true"
"120.03333333333333","96","15","true","120.03333333333333","60","0","true"
"120.06666666666666","96","15","true","120.06666666666666","60","0","true"
"120.1","96","15","true","120.1","60","0","true"
"120.13333333333334","96","15","true","120.13333333333334","60","0","true"
"120.16666666666667","96","15","true","120.16666666666667","60","0","true"
"120.2","96","15","true","120.2","60","0","true"
"120.23333333333333","96","15","true","120.23333333333333","60","0","true"
"120.26666666666667","96","15","true","120.26666666666667","60","0","true"
"120.3","96","15","true","120.3","60","0","true"
"120.33333333333333","96","15","true","120.33333333333333","60","0","true"
"120.36666666666666","96","15","true","120.36666666666666","60","0","true"
"120.4","96","15","true","120.4","60","0","true"
"120.43333333333334","96","15","true","120.43333333333334","60","0","true"
"120.46666666666667","96","15","true","120.46666666666667","60","0","true"
"120.5","96","15","true","120.5","64","0","true"
"120.53333333333333","96","15","true","120.53333333333333","64","0","true"
"120.56666666666666","96","15","true","120.56666666666666","64","0","true"
"120.6","96","15","true","120.6","64","0","true"
"120.63333333333334","96","15","true","120.63333333333334","64","0","true"
"120.66666666666667","96","15","true","120.66666666666667","64","0","true"
"120.7","96","15","true","120.7","64","0","true"
"120.73333333333333","96","15","true","120.73333333333333","64","0","true"
"120.76666666666667","96","15","true","120.76666666666667","64","0","true"
"120.8","96","15","true","120.8","64","0","true"
"120.83333333333333","96","15","true","120.83333333333333","64","0","true"
"120.86666666666666","96","15","true","120.86666666666666","64","0","true"
"120.9","96","15","true","120.9","64","0","true"
"120.93333333333334","96","15","true","120.93333333333334","64","0","true"
"120.96666666666667","96","15","true","120.96666666666667","64","0","true"
"121","96","15","true","121","64","0","true"
"121.03333333333333","96","15","true","121.03333333333333","64","0","true"
"121.06666666666666","96","15","true","121.06666666666666","64","0","true"
"121.1","96","15","true","121.1","64","0","true"
"121.13333333333334","96","15","true","121.13333333333334","64","0","true"
"121.16666666666667","96","15","true","121.16666666666667","64","0","true"
"121.2","96","15","true","121.2","64","0","true"
"121.23333333333333","96","15","true","121.23333333333333","64","0","true"
"121.26666666666667","96","15","true","121.26666666666667","64","0","true"
"121.3","96","15","true","121.3","64","0","true"
"121.33333333333333","96","15","true","121.33333333333333","64","0","true"
"121.36666666666666","96","15","true","121.36666666666666","64","0","true"
"121.4","96","15","true","121.4","64","0","true"
"121.43333333333334","96","15","true","121.43333333333334","64","0","true"
"121.46666666666667","96","15","true","121.46666666666667","64","0","true"
"121.5","96","15","true","121.5","64","0","true"
"121.53333333333333","96","15","true","121.53333333333333","64","0","true"
"121.56666666666666","96","15","true","121.56666666666666","64","0","true"
"121.6","96","15","true","121.6","64","0","true"
"121.63333333333334","96","15","true","121.63333333333334","64","0","true"
"121.66666666666667","96","15","true","121.66666666666667","64","0","true"
"121.7","96","15","true","121.7","64","0","true"
"121.73333333333333","96","15","true","121.73333333333333","64","0","true"
"121.76666666666667","96","15","true","121.76666666666667","64","0","true"
"121.8","96","15","true","121.8","64","0","true"
"121.83333333333333","96","15","true","121.83333333333333","64","0","true"
"121.86666666666666","96","15","true","121.86666666666666","64","0","true"
"121.9","96","15","true","121.9","64","0","true"
"121.93333333333334","96","15","true","121.93333333333334","64","0","true"
"121.96666666666667","96","15","true","121.96666666666667","64","0","true"
"122","96","15","true","122","64","0","true"
"122.03333333333333","96","15","true","122.03333333333333","64","0","true"
"122.06666666666666","96","15","true","122.06666666666666","64","0","true"
"122.1","96","15","true","122.1","64","0","true"
"122.13333333333334","96","15","true","122.13333333333334","64","0","true"
"122.16666666666667","96","15","true","122.16666666666667","64","0","true"
"122.2","96","15","true","122.2","64","0","true"
"122.23333333333333","96","15","true","122.23333333333333","64","0","true"
"122.26666666666667","96","15","true","122.26666666666667","64","0","true"
"122.3","96","15","true","122.3","64","0","true"
"122.33333333333333","96","15","true","122.33333333333333","64","0","true"
"122.36666666666666","96","15","true","122.36666666666666","64","0","true"
"122.4","96","15","true","122.4","64","0","true"
"122.43333333333334","96","15","true","122.43333333333334","64","0","true"
"122.46666666666667","96","15","true","122.46666666666667","64","0","true"
"122.5","96","15","true","122.5","64","0","true"
"122.53333333333333","96","15","true","122.53333333333333","64","0","true"
"122.56666666666666","96","15","true","122.56666666666666","64","0","true"
"122.6","96","15","true","122.6","64","0","true"
"122.63333333333334","96","15","true","122.63333333333334","64","0","true"
"122.66666666666667","96","15","true","122.66666666666667","64","0","true"
"122.7","96","15","true","122.7","64","0","true"
"122.73333333333333","96","15","true","122.73333333333333","64","0","true"
"122.76666666666667","96","15","true","122.76666666666667","64","0","true"
"122.8","96","15","true","122.8","64","0","true"
"122.83333333333333","96","15","true","122.83333333333333","64","0","true"
"122.86666666666666","96","15","true","122.86666666666666","64","0","true"
"122.9","96","15","true","122.9","64","0","true"
"122.93333333333334","96","15","true","122.93333333333334","64","0","true"
"122.96666666666667","96","15","true","122.96666666666667","64","0","true"
"123","96","15","true","123","64","0","true"
"123.03333333333333","96","15","true","123.03333333333333","64","0","true"
"123.06666666666666","96","15","true","123.06666666666666","64","0","true"
"123.1","96","15","true","123.1","64","0","true"
"123.13333333333334","96","15","true","123.13333333333334","64","0","true"
"123.16666666666667","96","15","true","123.16666666666667","64","0","true"
"123.2","96","15","true","123.2","64","0","true"
"123.23333333333333","96","15","true","123.23333333333333","64","0","true"
"123.26666666666667","96","15","true","123.26666666666667","64","0","true"
"123.3","96","15","true","123.3","64","0","true"
"123.33333333333333","96","15","true","123.33333333333333","64","0","true"
"123.36666666666666","96","15","true","123.36666666666666","64","0","true"
"123.4","96","15","true","123.4","64","0","true"
"123.43333333333334","96","15","true","123.43333333333334","64","0","true"
"123.46666666666667","96","15","true","123.46666666666667","64","0","true"
"123.5","96","15","true","123.5","64","0","true"
"123.53333333333333","96","15","true","123.53333333333333","64","0","true"
"123.56666666666666","96","15","true","123.56666666666666","64","0","true"
"123.6","96","15","true","123.6","64","0","true"
"123.63333333333334","96","15","true","123.63333333333334","64","0","true"
"123.66666666666667","96","15","true","123.66666666666667","64","0","true"
"123.7","96","15","true","123.7","64","0","true"
"123.73333333333333","96","15","true","123.73333333333333","64","0","true"
"123.76666666666667","96","15","true","123.76666666666667","64","0","true"
"123.8","96","15","true","123.8","64","0","true"
"123.83333333333333","96","15","true","123.83333333333333","64","0","true"
"123.86666666666666","96","15","true","123.86666666666666","64","0","true"
"123.9","96","15","true","123.9","64","0","true"
"123.93333333333334","96","15","true","123.93333333333334","64","0","true"
"123.96666666666667","96","15","true","123.96666666666667","64","0","true"
"124","96","15","true","124","64","0","true"
"124.03333333333333","96","15","true","124.03333333333333","64","0","true"
"124.06666666666666","96","15","true","124.06666666666666","64","0","true"
"124.1","96","15","true","124.1","64","0","true"
"124.13333333333334","96","15","true","124.13333333333334","64","0","true"
"124.16666666666667","96","15","true","124.16666666666667","64","0","true"
"124.2","96","15","true","124.2","64","0","true"
"124.23333333333333","96","15","true","124.23333333333333","64","0","true"
"124.26666666666667","96","15","true","124.26666666666667","64","0","true"
"124.3","96","15","true","124.3","64","0","true"
"124.33333333333333","96","15","true","124.33333333333333","64","0","true"
"124.36666666666666","96","15","true","124.36666666666666","64","0","true"
"124.4","96","15","true","124.4","64","0","true"
"124.43333333333334","96","15","true","124.43333333333334","64","0","true"
"124.46666666666667","96","15","true","124.46666666666667","64","0","true"
"124.5","96","15","true","124.5","64","0","true"
"124.53333333333333","96","15","true","124.53333333333333","64","0","true"
"124.56666666666666","96","15","true","124.56666666666666","64","0","true"
"124.6","96","15","true","124.6","64","0","true"
"124.63333333333334","96","15","true","124.63333333333334","64","0","true"
"124.66666666666667","96","15","true","124.66666666666667","64","0","true"
"124.7","96","15","true","124.7","64","0","true"
"124.73333333333333","96","15","true","124.73333333333333","64","0","true"
"124.76666666666667","96","15","true","124.76666666666667","64","0","true"
"124.8","96","15","true","124.8","64","0","true"
"124.83333333333333","96","15","true","124.83333333333333","64","0","true"
"124.86666666666666","96","15","true","124.86666666666666","64","0","true"
"124.9","96","15","true","124.9","64","0","true"
"124.93333333333334","96","15","true","124.93333333333334","64","0","true"
"124.96666666666667","96","15","true","124.96666666666667","64","0","true"
"125","96","15","true","125","64","0","true"
"125.03333333333333","96","15","true","125.03333333333333","64","0","true"
"125.06666666666666","96","15","true","125.06666666666666","64","0","true"
"125.1","96","15","true","125.1","64","0","true"
"125.13333333333334","96","15","true","125.13333333333334","64","0","true"
"125.16666666666667","96","15","true","125.16666666666667","64","0","true"
"125.2","96","15","true","125.2","64","0","true"
"125.23333333333333","96","15","true","125.23333333333333","64","0","true"
"125.26666666666667","96","15","true","125.26666666666667","64","0","true"
"125.3","96","15","true","125.3","64","0","true"
"125.33333333333333","96","15","true","125.33333333333333","64","0","true"
"125.36666666666666","96","15","true","125.36666666666666","64","0","true"
"125.4","96","15","true","125.4","64","0","true"
"125.43333333333334","96","15","true","125.43333333333334","64","0","true"
"125.46666666666667","96","15","true","125.46666666666667","64","0","true"
"125.5","96","15","true","125.5","64","0","true"
"125.53333333333333","96","15","true","125.53333333333333","64","0","true"
"125.56666666666666","96","15","true","125.56666666666666","64","0","true"
"125.6","96","15","true","125.6","64","0","true"
"125.63333333333334","96","15","true","125.63333333333334","64","0","true"
"125.66666666666667","96","15","true","125.66666666666667","64","0","true"
"125.7","96","15","true","125.7","64","0","true"
"125.73333333333333","96","15","true","125.73333333333333","64","0","true"
"125.76666666666667","96","15","true","125.76666666666667","64","0","true"
"125.8","96","15","true","125.8","64","0","true"
"125.83333333333333","96","15","true","125.83333333333333","64","0","true"
"125.86666666666666","96","15","true","125.86666666666666","64","0","true"
"125.9","96","15","true","125.9","64","0","true"
"125.93333333333334","96","15","true","125.93333333333334","64","0","true"
"125.96666666666667","96","15","true","125.96666666666667","64","0","true"
"126","96","15","true","126","64","0","true"
"126.03333333333333","96","15","true","126.03333333333333","64","0","true"
"126.06666666666666","96","15","true","126.06666666666666","64","0","true"
"126.1","96","15","true","126.1","64","0","true"
"126.13333333333334","96","15","true","126.13333333333334","64","0","true"
"126.16666666666667","96","15","true","126.16666666666667","64","0","true"
"126.2","96","15","true","126.2","64","0","true"
"126.23333333333333","96","15","true","126.23333333333333","64","0","true"
"126.26666666666667","96","15","true","126.26666666666667","64","0","true"
"126.3","96","15","true","126.3","64","0","true"
"126.33333333333333","96","15","true","126.33333333333333","64","0","true"
"126.36666666666666","96","15","true","126.36666666666666","64","0","true"
"126.4","96","15","true","126.4","64","0","true"
"126.43333333333334","96","15","true","126.43333333333334","64","0","true"
"126.46666666666667","96","15","true","126.46666666666667","64","0","true"
"126.5","96","15","true","126.5","64","0","true"
"126.53333333333333","96","15","true","126.53333333333333","64","0","true"
"126.56666666666666","96","15","true","126.56666666666666","64","0","true"
"126.6","96","15","true","126.6","64","0","true"
"126.63333333333334","96","15","true","126.63333333333334","64","0","true"
"126.66666666666667","96","15","true","126.66666666666667","64","0","true"
"126.7","96","15","true","126.7","64","0","true"
"126.73333333333333","96","15","true","126.73333333333333","64","0","true"
"126.76666666666667","96","15","true","126.76666666666667","64","0","true"
"126.8","96","15","true","126.8","64","0","true"
"126.83333333333333","96","15","true","126.83333333333333","64","0","true"
"126.86666666666666","96","15","true","126.86666666666666","64","0","true"
"126.9","96","15","true","126.9","64","0","true"
"126.93333333333334","96","15","true","126.93333333333334","64","0","true"
"126.96666666666667","96","15","true","126.96666666666667","64","0","true"
"127","96","15","true","127","64","0","true"
"127.03333333333333","96","15","true","127.03333333333333","64","0","true"
"127.06666666666666","96","15","true","127.06666666666666","64","0","true"
"127.1","96","15","true","127.1","64","0","true"
"127.13333333333334","96","15","true","127.13333333333334","64","0","true"
"127.16666666666667","96","15","true","127.16666666666667","64","0","true"
"127.2","96","15","true","127.2","64","0","true"
"127.23333333333333","96","15","true","127.23333333333333","64","0","true"
"127.26666666666667","96","15","true","127.26666666666667","64","0","true"
"127.3","96","15","true","127.3","64","0","true"
"127.33333333333333","96","15","true","127.33333333333333","64","0","true"
"127.36666666666666","96","15","true","127.36666666666666","64","0","true"
"127.4","96","15","true","127.4","64","0","true"
"127.43333333333334","96","15","true","127.43333333333334","64","0","true"
"127.46666666666667","96","15","true","127.46666666666667","64","0","true"
"127.5","96","15","true","127.5","64","0","true"
"127.53333333333333","96","15","true","127.53333333333333","64","0","true"
"127.56666666666666","96","15","true","127.56666666666666","64","0","true"
"127.6","96","15","true","127.6","64","0","true"
"127.63333333333334","96","15","true","127.63333333333334","64","0","true"
"127.66666666666667","96","15","true","127.66666666666667","64","0","true"
"127.7","96","15","true","127.7","64","0","true"
"127.73333333333333","96","15","true","127.73333333333333","64","0","true"
"127.76666666666667","96","15","true","127.76666666666667","64","0","true"
"127.8","96","15","true","127.8","64","0","true"
"127.83333333333333","96","15","true","127.83333333333333","64","0","true"
"127.86666666666666","96","15","true","127.86666666666666","64","0","true"
"127.9","96","15","true","127.9","64","0","true"
"127.93333333333334","96","15","true","127.93333333333334","64","0","true"
"127.96666666666667","96","15","true","127.96666666666667","64","0","true"
"128","96","15","true","128","64","0","true"
"128.03333333333333","96","15","true","128.03333333333333","64","0","true"
"128.06666666666666","96","15","true","128.06666666666666","64","0","true"
"128.1","96","15","true","128.1","64","0","true"
"128.13333333333333","96","15","true","128.13333333333333","64","0","true"
"128.16666666666666","96","15","true","128.16666666666666","64","0","true"
"128.2","96","15","true","128.2","64","0","true"
"128.23333333333332","96","15","true","128.23333333333332","64","0","true"
"128.26666666666668","96","15","true","128.26666666666668","64","0","true"
"128.3","96","15","true","128.3","64","0","true"
"128.33333333333334","96","15","true","128.33333333333334","64","0","true"
"128.36666666666667","96","15","true","128.36666666666667","64","0","true"
"128.4","96","15","true","128.4","64","0","true"
"128.43333333333334","96","15","true","128.43333333333334","64","0","true"
"128.46666666666667","96","15","true","128.46666666666667","64","0","true"
"128.5","96","15","true","128.5","64","0","true"
"128.53333333333333","96","15","true","128.53333333333333","64","0","true"
"128.56666666666666","96","15","true","128.56666666666666","64","0","true"
"128.6","96","15","true","128.6","64","0","true"
"128.63333333333333","96","15","true","128.63333333333333","64","0","true"
"128.66666666666666","96","15","true","128.66666666666666","64","0","true"
"128.7","96","15","true","128.7","64","0","true"
"128.73333333333332","96","15","true","128.73333333333332","64","0","true"
"128.76666666666668","96","15","true","128.76666666666668","64","0","true"
"128.8","96","15","true","128.8","64","0","true"
"128.83333333333334","96","15","true","128.83333333333334","64","0","true"
"128.86666666666667","96","15","true","128.86666666666667","64","0","true"
"128.9","96","15","true","128.9","64","0","true"
"128.93333333333334","96","15","true","128.93333333333334","64","0","true"
"128.96666666666667","96","15","true","128.96666666666667","64","0","true"
"129","96","15","true","129","64","0","true"
"129.03333333333333","96","15","true","129.03333333333333","64","0","true"
"129.06666666666666","96","15","true","129.06666666666666","64","0","true"
"129.1","96","15","true","129.1","64","0","true"
"129.13333333333333","96","15","true","129.13333333333333","64","0","true"
"129.16666666666666","96","15","true","129.16666666666666","64","0","true"
"129.2","96","15","true","129.2","64","0","true"
"129.23333333333332","96","15","true","129.23333333333332","64","0","true"
"129.26666666666668","96","15","true","129.26666666666668","64","0","true"
"129.3","96","15","true","129.3","64","0","true"
"129.33333333333334","96","15","true","129.33333333333334","64","0","true"
"129.36666666666667","96","15","true","129.36666666666667","64","0","true"
"129.4","96","15","true","129.4","64","0","true"
"129.43333333333334","96","15","true","129.43333333333334","64","0","true"
"129.46666666666667","96","15","true","129.46666666666667","64","0","true"
"129.5","96","15","true","129.5","64","0","true"
"129.53333333333333","96","15","true","129.53333333333333","64","0","true"
"129.56666666666666","96","15","true","129.56666666666666","64","0","true"
"129.6","96","15","true","129.6","64","0","true"
"129.63333333333333","96","15","true","129.63333333333333","64","0","true"
"129.66666666666666","96","15","true","129.66666666666666","64","0","true"
"129.7","96","15","true","129.7","64","0","true"
"129.73333333333332","96","15","true","129.73333333333332","64","0","true"
"129.76666666666668","96","15","true","129.76666666666668","64","0","true"
"129.8","96","15","true","129.8","64","0","true"
"129.83333333333334","96","15","true","129.83333333333334","64","0","true"
"129.86666666666667","96","15","true","129.86666666666667","64","0","true"
"129.9","96","15","true","129.9","64","0","true"
"129.93333333333334","96","15","true","129.93333333333334","64","0","true"
"129.96666666666667","96","15","true","129.96666666666667","64","0","true"
"130","96","15","true","130","64","0","true"
"130.03333333333333","96","15","true","130.03333333333333","64","0","true"
"130.06666666666666","96","15","true","130.06666666666666","64","0","true"
"130.1","96","15","true","130.1","64","0","true"
"130.13333333333333","96","15","true","130.13333333333333","64","0","true"
"130.16666666666666","96","15","true","130.16666666666666","64","0","true"
"130.2","96","15","true","130.2","64","0","true"
"130.23333333333332","96","15","true","130.23333333333332","64","0","true"
"130.26666666666668","96","15","true","130.26666666666668","64","0","true"
"130.3","96","15","true","130.3","64","0","true"
"130.33333333333334","96","15","true","130.33333333333334","64","0","true"
"130.36666666666667","96","15","true","130.36666666666667","64","0","true"
"130.4","96","15","true","130.4","64","0","true"
"130.43333333333334","96","15","true","130.43333333333334","64","0","true"
"130.46666666666667","96","15","true","130.46666666666667","64","0","true"
"130.5","96","15","true","130.5","64","0","true"
"130.53333333333333","96","15","true","130.53333333333333","64","0","true"
"130.56666666666666","96","15","true","130.56666666666666","64","0","true"
"130.6","96","15","true","130.6","64","0","true"
"130.63333333333333","96","15","true","130.63333333333333","64","0","true"
"130.66666666666666","96","15","true","130.66666666666666","64","0","true"
"130.7","96","15","true","130.7","64","0","true"
"130.73333333333332","96","15","true","130.73333333333332","64","0","true"
"130.76666666666668","96","15","true","130.76666666666668","64","0","true"
"130.8","96","15","true","130.8","64","0","true"
"130.83333333333334","96","15","true","130.83333333333334","64","0","true"
"130.86666666666667","96","15","true","130.86666666666667","64","0","true"
"130.9","96","15","true","130.9","64","0","true"
"130.93333333333334","96","15","true","130.93333333333334","64","0","true"
"130.96666666666667","96","15","true","130.96666666666667","64","0","true"
"131","96","15","true","131","64","0","true"
"131.03333333333333","96","15","true","131.03333333333333","64","0","true"
"131.06666666666666","96","15","true","131.06666666666666","64","0","true"
"131.1","96","15","true","131.1","64","0","true"
"131.13333333333333","96","15","true","131.13333333333333","64","0","true"
"131.16666666666666","96","15","true","131.16666666666666","64","0","true"
"131.2","96","15","true","131.2","64","0","true"
"131.23333333333332","96","15","true","131.23333333333332","64","0","true"
"131.26666666666668","96","15","true","131.26666666666668","64","0","true"
"131.3","96","15","true","131.3","64","0","true"
"131.33333333333334","96","15","true","131.33333333333334","64","0","true"
"131.36666666666667","96","15","true","131.36666666666667","64","0","true"
"131.4","96","15","true","131.4","64","0","true"
"131.43333333333334","96","15","true","131.43333333333334","64","0","true"
"131.46666666666667","96","15","true","131.46666666666667","64","0","true"
"131.5","96","15","true","131.5","64","0","true"
"131.53333333333333","96","15","true","131.53333333333333","64","0","true"
"131.56666666666666","96","15","true","131.56666666666666","64","0","true"
"131.6","96","15","true","131.6","64","0","true"
"131.63333333333333","96","15","true","131.63333333333333","64","0","true"
"131.66666666666666","96","15","true","131.66666666666666","64","0","true"
"131.7","96","15","true","131.7","64","0","true"
"131.73333333333332","96","15","true","131.73333333333332","64","0","true"
"131.76666666666668","96","15","true","131.76666666666668","64","0","true"
"131.8","96","15","true","131.8","64","0","true"
"131.83333333333334","96","15","true","131.83333333333334","64","0","true"
"131.86666666666667","96","15","true","131.86666666666667","64","0","true"
"131.9","96","15","true","131.9","64","0","true"
"131.93333333333334","96","15","true","131.93333333333334","64","0","true"
"131.96666666666667","96","15","true","131.96666666666667","64","0","true"
"132","96","15","true","132","64","0","true"
"132.03333333333333","96","15","true","132.03333333333333","64","0","true"
"132.06666666666666","96","15","true","132.06666666666666","64","0","true"
"132.1","96","15","true","132.1","64","0","true"
"132.13333333333333","96","15","true","132.13333333333333","64","0","true"
"132.16666666666666","100","15","true","132.16666666666666","64","0","true"
"132.2","100","15","true","132.2","64","0","true"
"132.23333333333332","100","15","true","132.23333333333332","64","0","true"
"132.26666666666668","100","15","true","132.26666666666668","64","0","true"
"132.3","100","15","true","132.3","64","0","true"
"132.33333333333334","100","15","true","132.33333333333334","64","0","true"
"132.36666666666667","100","15","true","132.36666666666667","64","0","true"
"132.4","100","15","true","132.4","64","0","true"
"132.43333333333334","100","15","true","132.43333333333334","64","0","true"
"132.46666666666667","100","15","true","132.46666666666667","64","0","true"
"132.5","100","15","true","132.5","64","0","true"
"132.53333333333333","100","15","true","132.53333333333333","64","0","true"
"132.56666666666666","100","15","true","132.56666666666666","64","0","true"
"132.6","100","15","true","132.6","64","0","true"
"132.63333333333333","100","15","true","132.63333333333333","64","0","true"
"132.66666666666666","100","15","true","132.66666666666666","64","0","true"
"132.7","100","15","true","132.7","64","0","true"
"132.73333333333332","100","15","true","132.73333333333332","64","0","true"
"132.76666666666668","100","15","true","132.76666666666668","64","0","true"
"132.8","100","15","true","132.8","64","0","true"
"132.83333333333334","100","15","true","132.83333333333334","64","0","true"
"132.86666666666667","100","15","true","132.86666666666667","64","0","true"
"132.9","100","15","true","132.9","64","0","true"
"132.93333333333334","100","15","true","132.93333333333334","64","0","true"
"132.96666666666667","100","15","true","132.96666666666667","64","0","true"
"133","100","15","true","133","64","0","true"
"133.03333333333333","100","15","true","133.03333333333333","64","0","true"
"133.06666666666666","100","15","true","133.06666666666666","64","0","true"
"133.1","100","15","true","133.1","64","0","true"
"133.13333333333333","100","15","true","133.13333333333333","64","0","true"
"133.16666666666666","100","15","true","133.16666666666666","64","0","true"
"133.2","100","15","true","133.2","64","0","true"
"133.23333333333332","100","15","true","133.23333333333332","64","0","true"
"133.26666666666668","100","15","true","133.26666666666668","64","0","true"
"133.3","100","15","true","133.3","64","0","true"
"133.33333333333334","100","15","true","133.33333333333334","64","0","true"
"133.36666666666667","100","15","true","133.36666666666667","64","0","true"
"133.4","100","15","true","133.4","64","0","true"
"133.43333333333334","100","15","true","133.43333333333334","64","0","true"
"133.46666666666667","100","15","true","133.46666666666667","64","0","true"
"133.5","100","15","true","133.5","64","0","true"
"133.53333333333333","100","15","true","133.53333333333333","64","0","true"
"133.56666666666666","100","15","true","133.56666666666666","64","0","true"
"133.6","100","15","true","133.6","64","0","true"
"133.63333333333333","100","15","true","133.63333333333333","64","0","true"
"133.66666666666666","100","15","true","133.66666666666666","64","0","true"
"133.7","100","15","true","133.7","64","0","true"
"133.73333333333332","100","15","true","133.73333333333332","64","0","true"
"133.76666666666668","100","15","true","133.76666666666668","64","0","true"
"133.8","100","15","true","133.8","64","0","true"
"133.83333333333334","100","15","true","133.83333333333334","64","0","true"
"133.86666666666667","100","15","true","133.86666666666667","64","0","true"
"133.9","100","15","true","133.9","64","0","true"
"133.93333333333334","100","15","true","133.93333333333334","64","0","true"
"133.96666666666667","100","15","true","133.96666666666667","64","0","true"
"134","100","15","true","134","64","0","true"
"134.03333333333333","100","15","true","134.03333333333333","64","0","true"
"134.06666666666666","100","15","true","134.06666666666666","64","0","true"
"134.1","100","15","true","134.1","64","0","true"
"134.13333333333333","100","15","true","134.13333333333333","64","0","true"
"134.16666666666666","100","15","true","134.16666666666666","64","0","true"
"134.2","100","15","true","134.2","64","0","true"
"134.23333333333332","100","15","true","134.23333333333332","64","0","true"
"134.26666666666668","100","15","true","134.26666666666668","64","0","true"
"134.3","100","15","true","134.3","64","0","true"
"134.33333333333334","100","15","true","134.33333333333334","64","0","true"
"134.36666666666667","100","15","true","134.36666666666667","64","0","true"
"134.4","100","15","true","134.4","64","0","true"
"134.43333333333334","100","15","true","134.43333333333334","64","0","true"
"134.46666666666667","100","15","true","134.46666666666667","64","0","true"
"134.5","100","15","true","134.5","64","0","true"
"134.53333333333333","100","15","true","134.53333333333333","64","0","true"
"134.56666666666666","100","15","true","134.56666666666666","64","0","true"
"134.6","100","15","true","134.6","64","0","true"
"134.63333333333333","100","15","true","134.63333333333333","64","0","true"
"134.66666666666666","100","15","true","134.66666666666666","64","0","true"
"134.7","100","15","true","134.7","64","0","true"
"134.73333333333332","100","15","true","134.73333333333332","64","0","true"
"134.76666666666668","100","15","true","134.76666666666668","64","0","true"
"134.8","100","15","true","134.8","64","0","true"
"134.83333333333334","100","15","true","134.83333333333334","64","0","true"
"134.86666666666667","100","15","true","134.86666666666667","64","0","true"
"134.9","100","15","true","134.9","64","0","true"
"134.93333333333334","100","15","true","134.93333333333334","64","0","true"
"134.96666666666667","100","15","true","134.96666666666667","64","0","true"
"135","100","15","true","135","64","0","true"
"135.03333333333333","100","15","true","135.03333333333333","64","0","true"
"135.06666666666666","100","15","true","135.06666666666666","64","0","true"
"135.1","100","15","true","135.1","64","0","true"
"135.13333333333333","100","15","true","135.13333333333333","64","0","true"
"135.16666666666666","100","15","true","135.16666666666666","64","0","true"
"135.2","100","15","true","135.2","64","0","true"
"135.23333333333332","100","15","true","135.23333333333332","64","0","true"
"135.26666666666668","100","15","true","135.26666666666668","64","0","true"
"135.3","100","15","true","135.3","64","0","true"
"135.33333333333334","100","15","true","135.33333333333334","64","0","true"
"135.36666666666667","100","15","true","135.36666666666667","64","0","true"
"135.4","100","15","true","135.4","64","0","true"
"135.43333333333334","100","15","true","135.43333333333334","64","0","true"
"135.46666666666667","100","15","true","135.46666666666667","64","0","true"
"135.5","100","15","true","135.5","64","0","true"
"135.53333333333333","100","15","true","135.53333333333333","64","0","true"
"135.56666666666666","100","15","true","135.56666666666666","64","0","true"
"135.6","100","15","true","135.6","64","0","true"
"135.63333333333333","100","15","true","135.63333333333333","64","0","true"
"135.66666666666666","100","15","true","135.66666666666666","64","0","true"
"135.7","100","15","true","135.7","64","0","true"
"135.73333333333332","100","15","true","135.73333333333332","64","0","true"
"135.76666666666668","100","15","true","135.76666666666668","64","0","true"
"135.8","100","15","true","135.8","64","0","true"
"135.83333333333334","100","15","true","135.83333333333334","64","0","true"
"135.86666666666667","100","15","true","135.86666666666667","64","0","true"
"135.9","100","15","true","135.9","64","0","true"
"135.93333333333334","100","15","true","135.93333333333334","64","0","true"
"135.96666666666667","100","15","true","135.96666666666667","64","0","true"
"136","100","15","true","136","64","0","true"
"136.03333333333333","100","15","true","136.03333333333333","64","0","true"
"136.06666666666666","100","15","true","136.06666666666666","64","0","true"
"136.1","100","15","true","136.1","64","0","true"
"136.13333333333333","100","15","true","136.13333333333333","64","0","true"
"136.16666666666666","100","15","true","136.16666666666666","64","0","true"
"136.2","100","15","true","136.2","64","0","true"
"136.23333333333332","100","15","true","136.23333333333332","64","0","true"
"136.26666666666668","100","15","true","136.26666666666668","64","0","true"
"136.3","100","15","true","136.3","64","0","true"
"136.33333333333334","100","15","true","136.33333333333334","64","0","true"
"136.36666666666667","100","15","true","136.36666666666667","64","0","true"
"136.4","100","15","true","136.4","64","0","true"
"136.43333333333334","100","15","true","136.43333333333334","64","0","true"
"136.46666666666667","100","15","true","136.46666666666667","64","0","true"
"136.5","100","15","true","136.5","64","0","true"
"136.53333333333333","100","15","true","136.53333333333333","64","0","true"
"136.56666666666666","100","15","true","136.56666666666666","64","0","true"
"136.6","100","15","true","136.6","64","0","true"
"136.63333333333333","100","15","true","136.63333333333333","64","0","true"
"136.66666666666666","100","15","true","136.66666666666666","64","0","true"
"136.7","100","15","true","136.7","64","0","true"
"136.73333333333332","100","15","true","136.73333333333332","64","0","true"
"136.76666666666668","100","15","true","136.76666666666668","64","0","true"
"136.8","100","15","true","136.8","64","0","true"
"136.83333333333334","100","15","true","136.83333333333334","64","0","true"
"136.86666666666667","100","15","true","136.86666666666667","64","0","true"
"136.9","100","15","true","136.9","64","0","true"
"136.93333333333334","100","15","true","136.93333333333334","64","0","true"
"136.96666666666667","100","15","true","136.96666666666667","64","0","true"
"137","100","15","true","137","64","0","true"
"137.03333333333333","100","15","true","137.03333333333333","64","0","true"
"137.06666666666666","100","15","true","137.06666666666666","64","0","true"
"137.1","100","15","true","137.1","64","0","true"
"137.13333333333333","100","15","true","137.13333333333333","64","0","true"
"137.16666666666666","100","15","true","137.16666666666666","64","0","true"
"137.2","100","15","true","137.2","64","0","true"
"137.23333333333332","100","15","true","137.23333333333332","64","0","true"
"137.26666666666668","100","15","true","137.26666666666668","64","0","true"
"137.3","100","15","true","137.3","64","0","true"
"137.33333333333334","100","15","true","137.33333333333334","64","0","true"
"137.36666666666667","100","15","true","137.36666666666667","64","0","true"
"137.4","100","15","true","137.4","64","0","true"
"137.43333333333334","100","15","true","137.43333333333334","64","0","true"
"137.46666666666667","100","15","true","137.46666666666667","64","0","true"
"137.5","100","15","true","137.5","64","0","true"
"137.53333333333333","100","15","true","137.53333333333333","64","0","true"
"137.56666666666666","100","15","true","137.56666666666666","64","0","true"
"137.6","100","15","true","137.6","64","0","true"
"137.63333333333333","100","15","true","137.63333333333333","64","0","true"
"137.66666666666666","100","15","true","137.66666666666666","64","0","true"
"137.7","100","15","true","137.7","64","0","true"
"137.73333333333332","100","15","true","137.73333333333332","64","0","true"
"137.76666666666668","100","15","true","137.76666666666668","64","0","true"
"137.8","100","15","true","137.8","64","0","true"
"137.83333333333334","100","15","true","137.83333333333334","64","0","true"
"137.86666666666667","100","15","true","137.86666666666667","64","0","true"
"137.9","100","15","true","137.9","64","0","true"
"137.93333333333334","100","15","true","137.93333333333334","64","0","true"
"137.96666666666667","100","15","true","137.96666666666667","64","0","true"
"138","100","15","true","138","64","0","true"
"138.03333333333333","100","15","true","138.03333333333333","64","0","true"
"138.06666666666666","100","15","true","138.06666666666666","64","0","true"
"138.1","100","15","true","138.1","64","0","true"
"138.13333333333333","100","15","true","138.13333333333333","64","0","true"
"138.16666666666666","100","15","true","138.16666666666666","64","0","true"
"138.2","100","15","true","138.2","64","0","true"
"138.23333333333332","100","15","true","138.23333333333332","64","0","true"
"138.26666666666668","100","15","true","138.26666666666668","64","0","true"
"138.3","100","15","true","138.3","64","0","true"
"138.33333333333334","100","15","true","138.33333333333334","64","0","true"
"138.36666666666667","100","15","true","138.36666666666667","64","0","true"
"138.4","100","15","true","138.4","64","0","true"
"138.43333333333334","100","15","true","138.43333333333334","64","0","true"
"138.46666666666667","100","15","true","138.46666666666667","64","0","true"
"138.5","100","15","true","138.5","64","0","true"
"138.53333333333333","100","15","true","138.53333333333333","64","0","true"
"138.56666666666666","100","15","true","138.56666666666666","64","0","true"
"138.6","100","15","true","138.6","64","0","true"
"138.63333333333333","100","15","true","138.63333333333333","64","0","true"
"138.66666666666666","100","15","true","138.66666666666666","64","0","true"
"138.7","100","15","true","138.7","64","0","true"
"138.73333333333332","100","15","true","138.73333333333332","64","0","true"
"138.76666666666668","100","15","true","138.76666666666668","64","0","true"
"138.8","100","15","true","138.8","64","0","true"
"138.83333333333334","100","15","true","138.83333333333334","64","0","true"
"138.86666666666667","100","15","true","138.86666666666667","64","0","true"
"138.9","100","15","true","138.9","64","0","true"
"138.93333333333334","100","15","true","138.93333333333334","64","0","true"
"138.96666666666667","100","15","true","138.96666666666667","64","0","true"
"139","100","15","true","139","64","0","true"
"139.03333333333333","100","15","true","139.03333333333333","64","0","true"
"139.06666666666666","100","15","true","139.06666666666666","64","0","true"
"139.1","100","15","true","139.1","64","0","true"
"139.13333333333333","100","15","true","139.13333333333333","64","0","true"
"139.16666666666666","100","15","true","139.16666666666666","64","0","true"
"139.2","100","15","true","139.2","64","0","true"
"139.23333333333332","100","15","true","139.23333333333332","64","0","true"
"139.26666666666668","100","15","true","139.26666666666668","64","0","true"
"139.3","100","15","true","139.3","64","0","true"
"139.33333333333334","100","15","true","139.33333333333334","64","0","true"
"139.36666666666667","100","15","true","139.36666666666667","64","0","true"
"139.4","100","15","true","139.4","64","0","true"
"139.43333333333334","100","15","true","139.43333333333334","64","0","true"
"139.46666666666667","100","15","true","139.46666666666667","64","0","true"
"139.5","100","15","true","139.5","64","0","true"
"139.53333333333333","100","15","true","139.53333333333333","64","0","true"
"139.56666666666666","100","15","true","139.56666666666666","64","0","true"
"139.6","100","15","true","139.6","64","0","true"
"139.63333333333333","100","15","true","139.63333333333333","64","0","true"
"139.66666666666666","100","15","true","139.66666666666666","64","0","true"
"139.7","100","15","true","139.7","64","0","true"
"139.73333333333332","100","15","true","139.73333333333332","64","0","true"
"139.76666666666668","100","15","true","139.76666666666668","64","0","true"
"139.8","100","15","true","139.8","64","0","true"
"139.83333333333334","100","15","true","139.83333333333334","64","0","true"
"139.86666666666667","100","15","true","139.86666666666667","64","0","true"
"139.9","100","15","true","139.9","64","0","true"
"139.93333333333334","100","15","true","139.93333333333334","64","0","true"
"139.96666666666667","100","15","true","139.96666666666667","64","0","true"
"140","100","15","true","140","64","0","true"
"140.03333333333333","100","15","true","140.03333333333333","64","0","true"
"140.06666666666666","100","15","true","140.06666666666666","64","0","true"
"140.1","100","15","true","140.1","64","0","true"
"140.13333333333333","100","15","true","140.13333333333333","64","0","true"
"140.16666666666666","100","15","true","140.16666666666666","64","0","true"
"140.2","100","15","true","140.2","64","0","true"
"140.23333333333332","100","15","true","140.23333333333332","64","0","true"
"140.26666666666668","100","15","true","140.26666666666668","64","0","true"
"140.3","100","15","true","140.3","64","0","true"
"140.33333333333334","100","15","true","140.33333333333334","64","0","true"
"140.36666666666667","100","15","true","140.36666666666667","64","0","true"
"140.4","100","15","true","140.4","64","0","true"
"140.43333333333334","100","15","true","140.43333333333334","68","0","true"
"140.46666666666667","100","15","true","140.46666666666667","68","0","true"
"140.5","100","15","true","140.5","68","0","true"
"140.53333333333333","100","15","true","140.53333333333333","68","0","true"
"140.56666666666666","100","15","true","140.56666666666666","68","0","true"
"140.6","100","15","true","140.6","68","0","true"
"140.63333333333333","100","15","true","140.63333333333333","68","0","true"
"140.66666666666666","100","15","true","140.66666666666666","68","0","true"
"140.7","100","15","true","140.7","68","0","true"
"140.73333333333332","100","15","true","140.73333333333332","68","0","true"
"140.76666666666668","100","15","true","140.76666666666668","68","0","true"
"140.8","100","15","true","140.8","68","0","true"
"140.83333333333334","100","15","true","140.83333333333334","68","0","true"
"140.86666666666667","100","15","true","140.86666666666667","68","0","true"
"140.9","100","15","true","140.9","68","0","true"
"140.93333333333334","100","15","true","140.93333333333334","68","0","true"
"140.96666666666667","100","15","true","140.96666666666667","68","0","true"
"141","100","15","true","141","68","0","true"
"141.03333333333333","100","15","true","141.03333333333333","68","0","true"
"141.06666666666666","100","15","true","141.06666666666666","68","0","true"
"141.1","100","15","true","141.1","68","0","true"
"141.13333333333333","100","15","true","141.13333333333333","68","0","true"
"141.16666666666666","100","15","true","141.16666666666666","68","0","true"
"141.2","100","15","true","141.2","68","0","true"
"141.23333333333332","100","15","true","141.23333333333332","68","0","true"
"141.26666666666668","100","15","true","141.26666666666668","68","0","true"
"141.3","100","15","true","141.3","68","0","true"
"141.33333333333334","100","15","true","141.33333333333334","68","0","true"
"141.36666666666667","100","15","true","141.36666666666667","68","0","true"
"141.4","100","15","true","141.4","68","0","true"
"141.43333333333334","100","15","true","141.43333333333334","68","0","true"
"141.46666666666667","100","15","true","141.46666666666667","68","0","true"
"141.5","100","15","true","141.5","68","0","true"
"141.53333333333333","100","15","true","141.53333333333333","68","0","true"
"141.56666666666666","100","15","true","141.56666666666666","68","0","true"
"141.6","100","15","true","141.6","68","0","true"
"141.63333333333333","100","15","true","141.63333333333333","68","0","true"
"141.66666666666666","100","15","true","141.66666666666666","68","0","true"
"141.7","100","15","true","141.7","68","0","true"
"141.73333333333332","100","15","true","141.73333333333332","68","0","true"
"141.76666666666668","100","15","true","141.76666666666668","68","0","true"
"141.8","100","15","true","141.8","68","0","true"
"141.83333333333334","100","15","true","141.83333333333334","68","0","true"
"141.86666666666667","100","15","true","141.86666666666667","68","0","true"
"141.9","100","15","true","141.9","68","0","true"
"141.93333333333334","100","15","true","141.93333333333334","68","0","true"
"141.96666666666667","100","15","true","141.96666666666667","68","0","true"
"142","100","15","true","142","68","0","true"
"142.03333333333333","100","15","true","142.03333333333333","68","0","true"
"142.06666666666666","100","15","true","142.06666666666666","68","0","true"
"142.1","100","15","true","142.1","68","0","true"
"142.13333333333333","100","15","true","142.13333333333333","68","0","true"
"142.16666666666666","100","15","true","142.16666666666666","68","0","true"
"142.2","100","15","true","142.2","68","0","true"
"142.23333333333332","100","15","true","142.23333333333332","68","0","true"
"142.26666666666668","100","15","true","142.26666666666668","68","0","true"
"142.3","100","15","true","142.3","68","0","true"
"142.33333333333334","100","15","true","142.33333333333334","68","0","true"
"142.36666666666667","100","15","true","142.36666666666667","68","0","true"
"142.4","100","15","true","142.4","68","0","true"
"142.43333333333334","100","15","true","142.43333333333334","68","0","true"
"142.46666666666667","100","15","true","142.46666666666667","68","0","true"
"142.5","100","15","true","142.5","68","0","true"
"142.53333333333333","100","15","true","142.53333333333333","68","0","true"
"142.56666666666666","100","15","true","142.56666666666666","68","0","true"
"142.6","100","15","true","142.6","68","0","true"
"142.63333333333333","100","15","true","142.63333333333333","68","0","true"
"142.66666666666666","100","15","true","142.66666666666666","68","0","true"
"142.7","100","15","true","142.7","68","0","true"
"142.73333333333332","100","15","true","142.73333333333332","68","0","true"
"142.76666666666668","100","15","true","142.76666666666668","68","0","true"
"142.8","100","15","true","142.8","68","0","true"
"142.83333333333334","100","15","true","142.83333333333334","68","0","true"
"142.86666666666667","100","15","true","142.86666666666667","68","0","true"
"142.9","100","15","true","142.9","68","0","true"
"142.93333333333334","100","15","true","142.93333333333334","68","0","true"
"142.96666666666667","100","15","true","142.96666666666667","68","0","true"
"143","100","15","true","143","68","0","true"
"143.03333333333333","100","15","true","143.03333333333333","68","0","true"
"143.06666666666666","100","15","true","143.06666666666666","68","0","true"
"143.1","100","15","true","143.1","68","0","true"
"143.13333333333333","100","15","true","143.13333333333333","68","0","true"
"143.16666666666666","100","15","true","143.16666666666666","68","0","true"
"143.2","100","15","true","143.2","68","0","true"
"143.23333333333332","100","15","true","143.23333333333332","68","0","true"
"143.26666666666668","100","15","true","143.26666666666668","68","0","true"
"143.3","100","15","true","143.3","68","0","true"
"143.33333333333334","100","15","true","143.33333333333334","68","0","true"
"143.36666666666667","100","15","true","143.36666666666667","68","0","true"
"143.4","100","15","true","143.4","68","0","true"
"143.43333333333334","100","15","true","143.43333333333334","68","0","true"
"143.46666666666667","100","15","true","143.46666666666667","68","0","true"
"143.5","100","15","true","143.5","68","0","true"
"143.53333333333333","100","15","true","143.53333333333333","68","0","true"
"143.56666666666666","100","15","true","143.56666666666666","68","0","true"
"143.6","100","15","true","143.6","68","0","true"
"143.63333333333333","100","15","true","143.63333333333333","68","0","true"
"143.66666666666666","100","15","true","143.66666666666666","68","0","true"
"143.7","100","15","true","143.7","68","0","true"
"143.73333333333332","100","15","true","143.73333333333332","68","0","true"
"143.76666666666668","100","15","true","143.76666666666668","68","0","true"
"143.8","100","15","true","143.8","68","0","true"
"143.83333333333334","100","15","true","143.83333333333334","68","0","true"
"143.86666666666667","100","15","true","143.86666666666667","68","0","true"
"143.9","100","15","true","143.9","68","0","true"
"143.93333333333334","100","15","true","143.93333333333334","68","0","true"
"143.96666666666667","100","15","true","143.96666666666667","68","0","true"
"144","100","15","true","144","68","0","true"
"144.03333333333333","100","15","true","144.03333333333333","68","0","true"
"144.06666666666666","100","15","true","144.06666666666666","68","0","true"
"144.1","100","15","true","144.1","68","0","true"
"144.13333333333333","100","15","true","144.13333333333333","68","0","true"
"144.16666666666666","100","15","true","144.16666666666666","68","0","true"
"144.2","100","15","true","144.2","68","0","true"
"144.23333333333332","100","15","true","144.23333333333332","68","0","true"
"144.26666666666668","100","15","true","144.26666666666668","68","0","true"
"144.3","100","15","true","144.3","68","0","true"
"144.33333333333334","100","15","true","144.33333333333334","68","0","true"
"144.36666666666667","100","15","true","144.36666666666667","68","0","true"
"144.4","100","15","true","144.4","68","0","true"
"144.43333333333334","100","15","true","144.43333333333334","68","0","true"
"144.46666666666667","100","15","true","144.46666666666667","68","0","true"
"144.5","100","15","true","144.5","68","0","true"
"144.53333333333333","100","15","true","144.53333333333333","68","0","true"
"144.56666666666666","100","15","true","144.56666666666666","68","0","true"
"144.6","100","15","true","144.6","68","0","true"
"144.63333333333333","100","15","true","144.63333333333333","68","0","true"
"144.66666666666666","100","15","true","144.66666666666666","68","0","true"
"144.7","100","15","true","144.7","68","0","true"
"144.73333333333332","100","15","true","144.73333333333332","68","0","true"
"144.76666666666668","100","15","true","144.76666666666668","68","0","true"
"144.8","100","15","true","144.8","68","0","true"
"144.83333333333334","100","15","true","144.83333333333334","68","0","true"
"144.86666666666667","100","15","true","144.86666666666667","68","0","true"
"144.9","100","15","true","144.9","68","0","true"
"144.93333333333334","100","15","true","144.93333333333334","68","0","true"
"144.96666666666667","100","15","true","144.96666666666667","68","0","true"
"145","100","15","true","145","68","0","true"
"145.03333333333333","100","15","true","145.03333333333333","68","0","true"
"145.06666666666666","100","15","true","145.06666666666666","68","0","true"
"145.1","100","15","true","145.1","68","0","true"
"145.13333333333333","100","15","true","145.13333333333333","68","0","true"
"145.16666666666666","100","15","true","145.16666666666666","68","0","true"
"145.2","100","15","true","145.2","68","0","true"
"145.23333333333332","100","15","true","145.23333333333332","68","0","true"
"145.26666666666668","100","15","true","145.26666666666668","68","0","true"
"145.3","100","15","true","145.3","68","0","true"
"145.33333333333334","100","15","true","145.33333333333334","68","0","true"
"145.36666666666667","100","15","true","145.36666666666667","68","0","true"
"145.4","100","15","true","145.4","68","0","true"
"145.43333333333334","100","15","true","145.43333333333334","68","0","true"
"145.46666666666667","100","15","true","145.46666666666667","68","0","true"
"145.5","100","15","true","145.5","68","0","true"
"145.53333333333333","100","15","true","145.53333333333333","68","0","true"
"145.56666666666666","100","15","true","145.56666666666666","68","0","true"
"145.6","100","15","true","145.6","68","0","true"
"145.63333333333333","100","15","true","145.63333333333333","68","0","true"
"145.66666666666666","100","15","true","145.66666666666666","68","0","true"
"145.7","100","15","true","145.7","68","0","true"
"145.73333333333332","100","15","true","145.73333333333332","68","0","true"
"145.76666666666668","100","15","true","145.76666666666668","68","0","true"
"145.8","100","15","true","145.8","68","0","true"
"145.83333333333334","100","15","true","145.83333333333334","68","0","true"
"145.86666666666667","100","15","true","145.86666666666667","68","0","true"
"145.9","100","15","true","145.9","68","0","true"
"145.93333333333334","100","15","true","145.93333333333334","68","0","true"
"145.96666666666667","100","15","true","145.96666666666667","68","0","true"
"146","100","15","true","146","68","0","true"
"146.03333333333333","100","15","true","146.03333333333333","68","0","true"
"146.06666666666666","100","15","true","146.06666666666666","68","0","true"
"146.1","100","15","true","146.1","68","0","true"
"146.13333333333333","100","15","true","146.13333333333333","68","0","true"
"146.16666666666666","100","15","true","146.16666666666666","68","0","true"
"146.2","100","15","true","146.2","68","0","true"
"146.23333333333332","100","15","true","146.23333333333332","68","0","true"
"146.26666666666668","100","15","true","146.26666666666668","68","0","true"
"146.3","100","15","true","146.3","68","0","true"
"146.33333333333334","100","15","true","146.33333333333334","68","0","true"
"146.36666666666667","100","15","true","146.36666666666667","68","0","true"
"146.4","100","15","true","146.4","68","0","true"
"146.43333333333334","100","15","true","146.43333333333334","68","0","true"
"146.46666666666667","100","15","true","146.46666666666667","68","0","true"
"146.5","100","15","true","146.5","68","0","true"
"146.53333333333333","100","15","true","146.53333333333333","68","0","true"
"146.56666666666666","100","15","true","146.56666666666666","68","0","true"
"146.6","100","15","true","146.6","68","0","true"
"146.63333333333333","100","15","true","146.63333333333333","68","0","true"
"146.66666666666666","100","15","true","146.66666666666666","68","0","true"
"146.7","100","15","true","146.7","68","0","true"
"146.73333333333332","100","15","true","146.73333333333332","68","0","true"
"146.76666666666668","100","15","true","146.76666666666668","68","0","true"
"146.8","100","15","true","146.8","68","0","true"
"146.83333333333334","100","15","true","146.83333333333334","68","0","true"
"146.86666666666667","100","15","true","146.86666666666667","68","0","true"
"146.9","100","15","true","146.9","68","0","true"
"146.93333333333334","100","15","true","146.93333333333334","68","0","true"
"146.96666666666667","100","15","true","146.96666666666667","68","0","true"
"147","100","15","true","147","68","0","true"
"147.03333333333333","100","15","true","147.03333333333333","68","0","true"
"147.06666666666666","100","15","true","147.06666666666666","68","0","true"
"147.1","100","15","true","147.1","68","0","true"
"147.13333333333333","100","15","true","147.13333333333333","68","0","true"
"147.16666666666666","100","15","true","147.16666666666666","68","0","true"
"147.2","100","15","true","147.2","68","0","true"
"147.23333333333332","100","15","true","147.23333333333332","68","0","true"
"147.26666666666668","100","15","true","147.26666666666668","68","0","true"
"147.3","100","15","true","147.3","68","0","true"
"147.33333333333334","100","15","true","147.33333333333334","68","0","true"
"147.36666666666667","100","15","true","147.36666666666667","68","0","true"
"147.4","100","15","true","147.4","68","0","true"
"147.43333333333334","100","15","true","147.43333333333334","68","0","true"
"147.46666666666667","100","15","true","147.46666666666667","68","0","true"
"147.5","100","15","true","147.5","68","0","true"
"147.53333333333333","100","15","true","147.53333333333333","68","0","true"
"147.56666666666666","100","15","true","147.56666666666666","68","0","true"
"147.6","100","15","true","147.6","68","0","true"
"147.63333333333333","100","15","true","147.63333333333333","68","0","true"
"147.66666666666666","100","15","true","147.66666666666666","68","0","true"
"147.7","100","15","true","147.7","68","0","true"
"147.73333333333332","100","15","true","147.73333333333332","68","0","true"
"147.76666666666668","100","15","true","147.76666666666668","68","0","true"
"147.8","100","15","true","147.8","68","0","true"
"147.83333333333334","100","15","true","147.83333333333334","68","0","true"
"147.86666666666667","100","15","true","147.86666666666667","68","0","true"
"147.9","100","15","true","147.9","68","0","true"
"147.93333333333334","100","15","true","147.93333333333334","68","0","true"
"147.96666666666667","100","15","true","147.96666666666667","68","0","true"
"148","100","15","true","148","68","0","true"
"148.03333333333333","100","15","true","148.03333333333333","68","0","true"
"148.06666666666666","100","15","true","148.06666666666666","68","0","true"
"148.1","100","15","true","148.1","68","0","true"
"148.13333333333333","100","15","true","148.13333333333333","68","0","true"
"148.16666666666666","100","15","true","148.16666666666666","68","0","true"
"148.2","100","15","true","148.2","68","0","true"
"148.23333333333332","100","15","true","148.23333333333332","68","0","true"
"148.26666666666668","100","15","true","148.26666666666668","68","0","true"
"148.3","100","15","true","148.3","68","0","true"
"148.33333333333334","100","15","true","148.33333333333334","68","0","true"
"148.36666666666667","100","15","true","148.36666666666667","68","0","true"
"148.4","100","15","true","148.4","68","0","true"
"148.43333333333334","100","15","true","148.43333333333334","68","0","true"
"148.46666666666667","100","15","true","148.46666666666667","68","0","true"
"148.5","100","15","true","148.5","68","0","true"
"148.53333333333333","100","15","true","148.53333333333333","68","0","true"
"148.56666666666666","100","15","true","148.56666666666666","68","0","true"
"148.6","100","15","true","148.6","68","0","true"
"148.63333333333333","100","15","true","148.63333333333333","68","0","true"
"148.66666666666666","100","15","true","148.66666666666666","68","0","true"
"148.7","100","15","true","148.7","68","0","true"
"148.73333333333332","100","15","true","148.73333333333332","68","0","true"
"148.76666666666668","100","15","true","148.76666666666668","68","0","true"
"148.8","100","15","true","148.8","68","0","true"
"148.83333333333334","100","15","true","148.83333333333334","68","0","true"
"148.86666666666667","100","15","true","148.86666666666667","68","0","true"
"148.9","100","15","true","148.9","68","0","true"
"148.93333333333334","100","15","true","148.93333333333334","68","0","true"
"148.96666666666667","100","15","true","148.96666666666667","68","0","true"
"149","100","15","true","149","68","0","true"
"149.03333333333333","100","15","true","149.03333333333333","68","0","true"
"149.06666666666666","100","15","true","149.06666666666666","68","0","true"
"149.1","100","15","true","149.1","68","0","true"
"149.13333333333333","100","15","true","149.13333333333333","68","0","true"
"149.16666666666666","100","15","true","149.16666666666666","68","0","true"
"149.2","100","15","true","149.2","68","0","true"
"149.23333333333332","100","15","true","149.23333333333332","68","0","true"
"149.26666666666668","100","15","true","149.26666666666668","68","0","true"
"149.3","100","15","true","149.3","68","0","true"
"149.33333333333334","100","15","true","149.33333333333334","68","0","true"
"149.36666666666667","100","15","true","149.36666666666667","68","0","true"
"149.4","100","15","true","149.4","68","0","true"
"149.43333333333334","100","15","true","149.43333333333334","68","0","true"
"149.46666666666667","100","15","true","149.46666666666667","68","0","true"
"149.5","100","15","true","149.5","68","0","true"
"149.53333333333333","100","15","true","149.53333333333333","68","0","true"
"149.56666666666666","100","15","true","149.56666666666666","68","0","true"
"149.6","100","15","true","149.6","68","0","true"
"149.63333333333333","100","15","true","149.63333333333333","68","0","true"
"149.66666666666666","100","15","true","149.66666666666666","68","0","true"
"149.7","100","15","true","149.7","68","0","true"
"149.73333333333332","100","15","true","149.73333333333332","68","0","true"
"149.76666666666668","100","15","true","149.76666666666668","68","0","true"
"149.8","100","15","true","149.8","68","0","true"
"149.83333333333334","100","15","true","149.83333333333334","68","0","true"
"149.86666666666667","100","15","true","149.86666666666667","68","0","true"
"149.9","100","15","true","149.9","68","0","true"
"149.93333333333334","100","15","true","149.93333333333334","68","0","true"
"149.96666666666667","100","15","true","149.96666666666667","68","0","true"
"150","100","15","true","150","68","0","true"
"150.03333333333333","100","15","true","150.03333333333333","68","0","true"
"150.06666666666666","100","15","true","150.06666666666666","68","0","true"
"150.1","100","15","true","150.1","68","0","true"
"150.13333333333333","100","15","true","150.13333333333333","68","0","true"
"150.16666666666666","100","15","true","150.16666666666666","68","0","true"
"150.2","100","15","true","150.2","68","0","true"
"150.23333333333332","100","15","true","150.23333333333332","68","0","true"
"150.26666666666668","100","15","true","150.26666666666668","68","0","true"
"150.3","100","15","true","150.3","68","0","true"
"150.33333333333334","100","15","true","150.33333333333334","68","0","true"
"150.36666666666667","100","15","true","150.36666666666667","68","0","true"
"150.4","100","15","true","150.4","68","0","true"
"150.43333333333334","100","15","true","150.43333333333334","68","0","true"
"150.46666666666667","100","15","true","150.46666666666667","68","0","true"
"150.5","100","15","true","150.5","68","0","true"
"150.53333333333333","100","15","true","150.53333333333333","68","0","true"
"150.56666666666666","100","15","true","150.56666666666666","68","0","true"
"150.6","100","15","true","150.6","68","0","true"
"150.63333333333333","100","15","true","150.63333333333333","68","0","true"
"150.66666666666666","100","15","true","150.66666666666666","68","0","true"
"150.7","100","15","true","150.7","68","0","true"
"150.73333333333332","100","15","true","150.73333333333332","68","0","true"
"150.76666666666668","100","15","true","150.76666666666668","68","0","true"
"150.8","100","15","true","150.8","68","0","true"
"150.83333333333334","100","15","true","150.83333333333334","68","0","true"
"150.86666666666667","100","15","true","150.86666666666667","68","0","true"
"150.9","100","15","true","150.9","68","0","true"
"150.93333333333334","100","15","true","150.93333333333334","68","0","true"
"150.96666666666667","100","15","true","150.96666666666667","68","0","true"
"151","100","15","true","151","68","0","true"
"151.03333333333333","100","15","true","151.03333333333333","68","0","true"
"151.06666666666666","100","15","true","151.06666666666666","68","0","true"
"151.1","100","15","true","151.1","68","0","true"
"151.13333333333333","100","15","true","151.13333333333333","68","0","true"
"151.16666666666666","100","15","true","151.16666666666666","68","0","true"
"151.2","100","15","true","151.2","68","0","true"
"151.23333333333332","100","15","true","151.23333333333332","68","0","true"
"151.26666666666668","100","15","true","151.26666666666668","68","0","true"
"151.3","100","15","true","151.3","68","0","true"
"151.33333333333334","100","15","true","151.33333333333334","68","0","true"
"151.36666666666667","100","15","true","151.36666666666667","68","0","true"
"151.4","100","15","true","151.4","68","0","true"
"151.43333333333334","100","15","true","151.43333333333334","68","0","true"
"151.46666666666667","100","15","true","151.46666666666667","68","0","true"
"151.5","100","15","true","151.5","68","0","true"
"151.53333333333333","100","15","true","151.53333333333333","68","0","true"
"151.56666666666666","100","15","true","151.56666666666666","68","0","true"
"151.6","100","15","true","151.6","68","0","true"
"151.63333333333333","100","15","true","151.63333333333333","68","0","true"
"151.66666666666666","100","15","true","151.66666666666666","68","0","true"
"151.7","100","15","true","151.7","68","0","true"
"151.73333333333332","100","15","true","151.73333333333332","68","0","true"
"151.76666666666668","100","15","true","151.76666666666668","68","0","true"
"151.8","100","15","true","151.8","68","0","true"
"151.83333333333334","100","15","true","151.83333333333334","68","0","true"
"151.86666666666667","100","15","true","151.86666666666667","68","0","true"
"151.9","100","15","true","151.9","68","0","true"
"151.93333333333334","100","15","true","151.93333333333334","68","0","true"
"151.96666666666667","100","15","true","151.96666666666667","68","0","true"
"152","100","15","true","152","68","0","true"
"152.03333333333333","100","15","true","152.03333333333333","68","0","true"
"152.06666666666666","100","15","true","152.06666666666666","68","0","true"
"152.1","100","15","true","152.1","68","0","true"
"152.13333333333333","100","15","true","152.13333333333333","68","0","true"
"152.16666666666666","100","15","true","152.16666666666666","68","0","true"
"152.2","100","15","true","152.2","68","0","true"
"152.23333333333332","100","15","true","152.23333333333332","68","0","true"
"152.26666666666668","100","15","true","152.26666666666668","68","0","true"
"152.3","100","15","true","152.3","68","0","true"
"152.33333333333334","100","15","true","152.33333333333334","68","0","true"
"152.36666666666667","100","15","true","152.36666666666667","68","0","true"
"152.4","100","15","true","152.4","68","0","true"
"152.43333333333334","100","15","true","152.43333333333334","68","0","true"
"152.46666666666667","100","15","true","152.46666666666667","68","0","true"
"152.5","100","15","true","152.5","68","0","true"
"152.53333333333333","100","15","true","152.53333333333333","68","0","true"
"152.56666666666666","100","15","true","152.56666666666666","68","0","true"
"152.6","100","15","true","152.6","68","0","true"
"152.63333333333333","100","15","true","152.63333333333333","68","0","true"
"152.66666666666666","100","15","true","152.66666666666666","68","0","true"
"152.7","100","15","true","152.7","68","0","true"
"152.73333333333332","100","15","true","152.73333333333332","68","0","true"
"152.76666666666668","100","15","true","152.76666666666668","68","0","true"
"152.8","100","15","true","152.8","68","0","true"
"152.83333333333334","100","15","true","152.83333333333334","68","0","true"
"152.86666666666667","100","15","true","152.86666666666667","68","0","true"
"152.9","100","15","true","152.9","68","0","true"
"152.93333333333334","100","15","true","152.93333333333334","68","0","true"
"152.96666666666667","100","15","true","152.96666666666667","68","0","true"
"153","100","15","true","153","68","0","true"
"153.03333333333333","100","15","true","153.03333333333333","68","0","true"
"153.06666666666666","100","15","true","153.06666666666666","68","0","true"
"153.1","100","15","true","153.1","68","0","true"
"153.13333333333333","100","15","true","153.13333333333333","68","0","true"
"153.16666666666666","100","15","true","153.16666666666666","68","0","true"
"153.2","100","15","true","153.2","68","0","true"
"153.23333333333332","100","15","true","153.23333333333332","68","0","true"
"153.26666666666668","100","15","true","153.26666666666668","68","0","true"
"153.3","100","15","true","153.3","68","0","true"
"153.33333333333334","100","15","true","153.33333333333334","68","0","true"
"153.36666666666667","100","15","true","153.36666666666667","68","0","true"
"153.4","100","15","true","153.4","68","0","true"
"153.43333333333334","100","15","true","153.43333333333334","68","0","true"
"153.46666666666667","100","15","true","153.46666666666667","68","0","true"
"153.5","100","15","true","153.5","68","0","true"
"153.53333333333333","100","15","true","153.53333333333333","68","0","true"
"153.56666666666666","100","15","true","153.56666666666666","68","0","true"
"153.6","100","15","true","153.6","68","0","true"
"153.63333333333333","100","15","true","153.63333333333333","68","0","true"
"153.66666666666666","100","15","true","153.66666666666666","68","0","true"
"153.7","100","15","true","153.7","68","0","true"
"153.73333333333332","100","15","true","153.73333333333332","68","0","true"
"153.76666666666668","100","15","true","153.76666666666668","68","0","true"
"153.8","100","15","true","153.8","68","0","true"
"153.83333333333334","100","15","true","153.83333333333334","68","0","true"
"153.86666666666667","100","15","true","153.86666666666667","68","0","true"
"153.9","100","15","true","153.9","68","0","true"
"153.93333333333334","100","15","true","153.93333333333334","68","0","true"
"153.96666666666667","100","15","true","153.96666666666667","68","0","true"
"154","100","15","true","154","68","0","true"
"154.03333333333333","100","15","true","154.03333333333333","68","0","true"
"154.06666666666666","100","15","true","154.06666666666666","68","0","true"
"154.1","100","15","true","154.1","68","0","true"
"154.13333333333333","100","15","true","154.13333333333333","68","0","true"
"154.16666666666666","100","15","true","154.16666666666666","68","0","true"
"154.2","100","15","true","154.2","68","0","true"
"154.23333333333332","100","15","true","154.23333333333332","68","0","true"
"154.26666666666668","100","15","true","154.26666666666668","68","0","true"
"154.3","100","15","true","154.3","68","0","true"
"154.33333333333334","100","15","true","154.33333333333334","68","0","true"
"154.36666666666667","100","15","true","154.36666666666667","68","0","true"
"154.4","100","15","true","154.4","68","0","true"
"154.43333333333334","100","15","true","154.43333333333334","68","0","true"
"154.46666666666667","100","15","true","154.46666666666667","68","0","true"
"154.5","100","15","true","154.5","68","0","true"
"154.53333333333333","100","15","true","154.53333333333333","68","0","true"
"154.56666666666666","100","15","true","154.56666666666666","68","0","true"
"154.6","100","15","true","154.6","68","0","true"
"154.63333333333333","100","15","true","154.63333333333333","68","0","true"
"154.66666666666666","100","15","true","154.66666666666666","68","0","true"
"154.7","100","15","true","154.7","68","0","true"
"154.73333333333332","100","15","true","154.73333333333332","68","0","true"
"154.76666666666668","100","15","true","154.76666666666668","68","0","true"
"154.8","100","15","true","154.8","68","0","true"
"154.83333333333334","100","15","true","154.83333333333334","68","0","true"
"154.86666666666667","100","15","true","154.86666666666667","68","0","true"
"154.9","100","15","true","154.9","68","0","true"
"154.93333333333334","100","15","true","154.93333333333334","68","0","true"
"154.96666666666667","100","15","true","154.96666666666667","68","0","true"
"155","100","15","true","155","68","0","true"
"155.03333333333333","100","15","true","155.03333333333333","68","0","true"
"155.06666666666666","100","15","true","155.06666666666666","68","0","true"
"155.1","100","15","true","155.1","68","0","true"
"155.13333333333333","100","15","true","155.13333333333333","68","0","true"
"155.16666666666666","100","15","true","155.16666666666666","68","0","true"
"155.2","100","15","true","155.2","68","0","true"
"155.23333333333332","100","15","true","155.23333333333332","68","0","true"
"155.26666666666668","100","15","true","155.26666666666668","68","0","true"
"155.3","100","15","true","155.3","68","0","true"
"155.33333333333334","100","15","true","155.33333333333334","68","0","true"
"155.36666666666667","100","15","true","155.36666666666667","68","0","true"
"155.4","100","15","true","155.4","68","0","true"
"155.43333333333334","100","15","true","155.43333333333334","68","0","true"
"155.46666666666667","100","15","true","155.46666666666667","68","0","true"
"155.5","100","15","true","155.5","68","0","true"
"155.53333333333333","100","15","true","155.53333333333333","68","0","true"
"155.56666666666666","100","15","true","155.56666666666666","68","0","true"
"155.6","100","15","true","155.6","68","0","true"
"155.63333333333333","100","15","true","155.63333333333333","68","0","true"
"155.66666666666666","100","15","true","155.66666666666666","68","0","true"
"155.7","100","15","true","155.7","68","0","true"
"155.73333333333332","100","15","true","155.73333333333332","68","0","true"
"155.76666666666668","100","15","true","155.76666666666668","68","0","true"
"155.8","100","15","true","155.8","68","0","true"
"155.83333333333334","100","15","true","155.83333333333334","68","0","true"
"155.86666666666667","100","15","true","155.86666666666667","68","0","true"
"155.9","100","15","true","155.9","68","0","true"
"155.93333333333334","100","15","true","155.93333333333334","68","0","true"
"155.96666666666667","100","15","true","155.96666666666667","68","0","true"
"156","100","15","true","156","68","0","true"
"156.03333333333333","100","15","true","156.03333333333333","68","0","true"
"156.06666666666666","100","15","true","156.06666666666666","68","0","true"
"156.1","100","15","true","156.1","68","0","true"
"156.13333333333333","100","15","true","156.13333333333333","68","0","true"
"156.16666666666666","100","15","true","156.16666666666666","68","0","true"
"156.2","100","15","true","156.2","68","0","true"
"156.23333333333332","100","15","true","156.23333333333332","68","0","true"
"156.26666666666668","100","15","true","156.26666666666668","68","0","true"
"156.3","100","15","true","156.3","68","0","true"
"156.33333333333334","100","15","true","156.33333333333334","68","0","true"
"156.36666666666667","100","15","true","156.36666666666667","68","0","true"
"156.4","100","15","true","156.4","68","0","true"
"156.43333333333334","100","15","true","156.43333333333334","68","0","true"
"156.46666666666667","100","15","true","156.46666666666667","68","0","true"
"156.5","100","15","true","156.5","68","0","true"
"156.53333333333333","100","15","true","156.53333333333333","68","0","true"
"156.56666666666666","100","15","true","156.56666666666666","68","0","true"
"156.6","100","15","true","156.6","68","0","true"
"156.63333333333333","100","15","true","156.63333333333333","68","0","true"
"156.66666666666666","100","15","true","156.66666666666666","68","0","true"
"156.7","100","15","true","156.7","68","0","true"
"156.73333333333332","100","15","true","156.73333333333332","68","0","true"
"156.76666666666668","100","15","true","156.76666666666668","68","0","true"
"156.8","100","15","true","156.8","68","0","true"
"156.83333333333334","100","15","true","156.83333333333334","68","0","true"
"156.86666666666667","100","15","true","156.86666666666667","68","0","true"
"156.9","100","15","true","156.9","68","0","true"
"156.93333333333334","100","15","true","156.93333333333334","68","0","true"
"156.96666666666667","100","15","true","156.96666666666667","68","0","true"
"157","100","15","true","157","68","0","true"
"157.03333333333333","100","15","true","157.03333333333333","68","0","true"
"157.06666666666666","100","15","true","157.06666666666666","68","0","true"
"157.1","100","15","true","157.1","68","0","true"
"157.13333333333333","100","15","true","157.13333333333333","68","0","true"
"157.16666666666666","100","15","true","157.16666666666666","68","0","true"
"157.2","100","15","true","157.2","68","0","true"
"157.23333333333332","100","15","true","157.23333333333332","68","0","true"
"157.26666666666668","100","15","true","157.26666666666668","68","0","true"
"157.3","100","15","true","157.3","68","0","true"
"157.33333333333334","100","15","true","157.33333333333334","68","0","true"
"157.36666666666667","100","15","true","157.36666666666667","68","0","true"
"157.4","100","15","true","157.4","68","0","true"
"157.43333333333334","100","15","true","157.43333333333334","68","0","true"
"157.46666666666667","100","15","true","157.46666666666667","68","0","true"
"157.5","100","15","true","157.5","68","0","true"
"157.53333333333333","100","15","true","157.53333333333333","68","0","true"
"157.56666666666666","100","15","true","157.56666666666666","68","0","true"
"157.6","100","15","true","157.6","68","0","true"
"157.63333333333333","100","15","true","157.63333333333333","68","0","true"
"157.66666666666666","100","15","true","157.66666666666666","68","0","true"
"157.7","100","15","true","157.7","68","0","true"
"157.73333333333332","100","15","true","157.73333333333332","68","0","true"
"157.76666666666668","100","15","true","157.76666666666668","68","0","true"
"157.8","100","15","true","157.8","68","0","true"
"157.83333333333334","100","15","true","157.83333333333334","68","0","true"
"157.86666666666667","100","15","true","157.86666666666667","68","0","true"
"157.9","100","15","true","157.9","68","0","true"
"157.93333333333334","100","15","true","157.93333333333334","68","0","true"
"157.96666666666667","100","15","true","157.96666666666667","68","0","true"
"158","100","15","true","158","68","0","true"
"158.03333333333333","100","15","true","158.03333333333333","68","0","true"
"158.06666666666666","100","15","true","158.06666666666666","68","0","true"
"158.1","100","15","true","158.1","68","0","true"
"158.13333333333333","100","15","true","158.13333333333333","68","0","true"
"158.16666666666666","100","15","true","158.16666666666666","68","0","true"
"158.2","100","15","true","158.2","68","0","true"
"158.23333333333332","100","15","true","158.23333333333332","68","0","true"
"158.26666666666668","100","15","true","158.26666666666668","68","0","true"
"158.3","100","15","true","158.3","68","0","true"
"158.33333333333334","100","15","true","158.33333333333334","68","0","true"
"158.36666666666667","100","15","true","158.36666666666667","68","0","true"
"158.4","100","15","true","158.4","68","0","true"
"158.43333333333334","100","15","true","158.43333333333334","68","0","true"
"158.46666666666667","100","15","true","158.46666666666667","72","0","true"
"158.5","100","15","true","158.5","72","0","true"
"158.53333333333333","100","15","true","158.53333333333333","72","0","true"
"158.56666666666666","100","15","true","158.56666666666666","72","0","true"
"158.6","100","15","true","158.6","72","0","true"
"158.63333333333333","100","15","true","158.63333333333333","72","0","true"
"158.66666666666666","100","15","true","158.66666666666666","72","0","true"
"158.7","100","15","true","158.7","72","0","true"
"158.73333333333332","100","15","true","158.73333333333332","72","0","true"
"158.76666666666668","100","15","true","158.76666666666668","72","0","true"
"158.8","100","15","true","158.8","72","0","true"
"158.83333333333334","100","15","true","158.83333333333334","72","0","true"
"158.86666666666667","100","15","true","158.86666666666667","72","0","true"
"158.9","100","15","true","158.9","72","0","true"
"158.93333333333334","100","15","true","158.93333333333334","72","0","true"
"158.96666666666667","100","15","true","158.96666666666667","72","0","true"
"159","100","15","true","159","72","0","true"
"159.03333333333333","100","15","true","159.03333333333333","72","0","true"
"159.06666666666666","100","15","true","159.06666666666666","72","0","true"
"159.1","100","15","true","159.1","76","0","true"
"159.13333333333333","100","15","true","159.13333333333333","76","0","true"
"159.16666666666666","100","15","true","159.16666666666666","76","0","true"
"159.2","100","15","true","159.2","76","0","true"
"159.23333333333332","100","15","true","159.23333333333332","76","0","true"
"159.26666666666668","100","15","true","159.26666666666668","76","0","true"
"159.3","100","15","true","159.3","76","0","true"
"159.33333333333334","100","15","true","159.33333333333334","76","0","true"
"159.36666666666667","100","15","true","159.36666666666667","76","0","true"
"159.4","100","15","true","159.4","76","0","true"
"159.43333333333334","100","15","true","159.43333333333334","76","0","true"
"159.46666666666667","100","15","true","159.46666666666667","76","0","true"
"159.5","100","15","true","159.5","76","0","true"
"159.53333333333333","100","15","true","159.53333333333333","76","0","true"
"159.56666666666666","100","15","true","159.56666666666666","76","0","true"
"159.6","100","15","true","159.6","76","0","true"
"159.63333333333333","100","15","true","159.63333333333333","76","0","true"
"159.66666666666666","100","15","true","159.66666666666666","76","0","true"
"159.7","100","15","true","159.7","76","0","true"
"159.73333333333332","100","15","true","159.73333333333332","76","0","true"
"159.76666666666668","100","15","true","159.76666666666668","76","0","true"
"159.8","100","15","true","159.8","76","0","true"
"159.83333333333334","100","15","true","159.83333333333334","76","0","true"
"159.86666666666667","100","15","true","159.86666666666667","76","0","true"
"159.9","100","15","true","159.9","76","0","true"
"159.93333333333334","100","15","true","159.93333333333334","76","0","true"
"159.96666666666667","100","15","true","159.96666666666667","76","0","true"
"160","100","15","true","160","76","0","true"
"160.03333333333333","100","15","true","160.03333333333333","76","0","true"
"160.06666666666666","100","15","true","160.06666666666666","76","0","true"
"160.1","100","15","true","160.1","76","0","true"
"160.13333333333333","100","15","true","160.13333333333333","76","0","true"
"160.16666666666666","100","15","true","160.16666666666666","76","0","true"
"160.2","100","15","true","160.2","76","0","true"
"160.23333333333332","100","15","true","160.23333333333332","76","0","true"
"160.26666666666668","100","15","true","160.26666666666668","76","0","true"
"160.3","100","15","true","160.3","76","0","true"
"160.33333333333334","100","15","true","160.33333333333334","76","0","true"
"160.36666666666667","100","15","true","160.36666666666667","76","0","true"
"160.4","100","15","true","160.4","76","0","true"
"160.43333333333334","100","15","true","160.43333333333334","76","0","true"
"160.46666666666667","100","15","true","160.46666666666667","76","0","true"
"160.5","100","15","true","160.5","76","0","true"
"160.53333333333333","100","15","true","160.53333333333333","76","0","true"
"160.56666666666666","100","15","true","160.56666666666666","76","0","true"
"160.6","100","15","true","160.6","76","0","true"
"160.63333333333333","100","15","true","160.63333333333333","76","0","true"
"160.66666666666666","100","15","true","160.66666666666666","76","0","true"
"160.7","100","15","true","160.7","76","0","true"
"160.73333333333332","100","15","true","160.73333333333332","76","0","true"
"160.76666666666668","100","15","true","160.76666666666668","76","0","true"
"160.8","100","15","true","160.8","76","0","true"
"160.83333333333334","100","15","true","160.83333333333334","76","0","true"
"160.86666666666667","100","15","true","160.86666666666667","80","0","true"
"160.9","100","15","true","160.9","80","0","true"
"160.93333333333334","100","15","true","160.93333333333334","80","0","true"
"160.96666666666667","100","15","true","160.96666666666667","80","0","true"
"161","100","15","true","161","80","0","true"
"161.03333333333333","100","15","true","161.03333333333333","80","0","true"
"161.06666666666666","100","15","true","161.06666666666666","80","0","true"
"161.1","100","15","true","161.1","80","0","true"
"161.13333333333333","100","15","true","161.13333333333333","80","0","true"
"161.16666666666666","100","15","true","161.16666666666666","80","0","true"
"161.2","100","15","true","161.2","80","0","true"
"161.23333333333332","100","15","true","161.23333333333332","80","0","true"
"161.26666666666668","100","15","true","161.26666666666668","80","0","true"
"161.3","100","15","true","161.3","80","0","true"
"161.33333333333334","100","15","true","161.33333333333334","80","0","true"
"161.36666666666667","100","15","true","161.36666666666667","80","0","true"
"161.4","100","15","true","161.4","80","0","true"
"161.43333333333334","100","15","true","161.43333333333334","80","0","true"
"161.46666666666667","100","15","true","161.46666666666667","80","0","true"
"161.5","100","15","true","161.5","80","0","true"
"161.53333333333333","100","15","true","161.53333333333333","80","0","true"
"161.56666666666666","100","15","true","161.56666666666666","80","0","true"
"161.6","100","15","true","161.6","80","0","true"
"161.63333333333333","100","15","true","161.63333333333333","80","0","true"
"161.66666666666666","100","15","true","161.66666666666666","80","0","true"
"161.7","100","15","true","161.7","80","0","true"
"161.73333333333332","100","15","true","161.73333333333332","80","0","true"
"161.76666666666668","100","15","true","161.76666666666668","80","0","true"
"161.8","100","15","true","161.8","80","0","true"
"161.83333333333334","100","15","true","161.83333333333334","80","0","true"
"161.86666666666667","100","15","true","161.86666666666667","80","0","true"
"161.9","100","15","true","161.9","80","0","true"
"161.93333333333334","100","15","true","161.93333333333334","80","0","true"
"161.96666666666667","100","15","true","161.96666666666667","80","0","true"
"162","100","15","true","162","80","0","true"
"162.03333333333333","100","15","true","162.03333333333333","80","0","true"
"162.06666666666666","100","15","true","162.06666666666666","80","0","true"
"162.1","100","15","true","162.1","80","0","true"
"162.13333333333333","100","15","true","162.13333333333333","80","0","true"
"162.16666666666666","100","15","true","162.16666666666666","80","0","true"
"162.2","100","15","true","162.2","80","0","true"
"162.23333333333332","100","15","true","162.23333333333332","80","0","true"
"162.26666666666668","100","15","true","162.26666666666668","80","0","true"
"162.3","100","15","true","162.3","80","0","true"
"162.33333333333334","100","15","true","162.33333333333334","80","0","true"
"162.36666666666667","100","15","true","162.36666666666667","80","0","true"
"162.4","100","15","true","162.4","80","0","true"
"162.43333333333334","100","15","true","162.43333333333334","80","0","true"
"162.46666666666667","100","15","true","162.46666666666667","80","0","true"
"162.5","100","15","true","162.5","80","0","true"
"162.53333333333333","100","15","true","162.53333333333333","80","0","true"
"162.56666666666666","100","15","true","162.56666666666666","80","0","true"
"162.6","100","15","true","162.6","80","0","true"
"162.63333333333333","100","15","true","162.63333333333333","80","0","true"
"162.66666666666666","100","15","true","162.66666666666666","80","0","true"
"162.7","100","15","true","162.7","80","0","true"
"162.73333333333332","100","15","true","162.73333333333332","80","0","true"
"162.76666666666668","100","15","true","162.76666666666668","80","0","true"
"162.8","100","15","true","162.8","80","0","true"
"162.83333333333334","100","15","true","162.83333333333334","80","0","true"
"162.86666666666667","100","15","true","162.86666666666667","80","0","true"
"162.9","100","15","true","162.9","80","0","true"
"162.93333333333334","100","15","true","162.93333333333334","80","0","true"
"162.96666666666667","100","15","true","162.96666666666667","80","0","true"
"163","100","15","true","163","80","0","true"
"163.03333333333333","100","15","true","163.03333333333333","80","0","true"
"163.06666666666666","100","15","true","163.06666666666666","80","0","true"
"163.1","100","15","true","163.1","80","0","true"
"163.13333333333333","100","15","true","163.13333333333333","80","0","true"
"163.16666666666666","100","15","true","163.16666666666666","80","0","true"
"163.2","100","15","true","163.2","80","0","true"
"163.23333333333332","100","15","true","163.23333333333332","80","0","true"
"163.26666666666668","100","15","true","163.26666666666668","80","0","true"
"163.3","100","15","true","163.3","80","0","true"
"163.33333333333334","100","15","true","163.33333333333334","80","0","true"
"163.36666666666667","100","15","true","163.36666666666667","80","0","true"
"163.4","100","15","true","163.4","80","0","true"
"163.43333333333334","100","15","true","163.43333333333334","80","0","true"
"163.46666666666667","100","15","true","163.46666666666667","80","0","true"
"163.5","100","15","true","163.5","80","0","true"
"163.53333333333333","100","15","true","163.53333333333333","80","0","true"
"163.56666666666666","100","15","true","163.56666666666666","80","0","true"
"163.6","100","15","true","163.6","80","0","true"
"163.63333333333333","100","15","true","163.63333333333333","80","0","true"
"163.66666666666666","100","15","true","163.66666666666666","80","0","true"
"163.7","100","15","true","163.7","80","0","true"
"163.73333333333332","100","15","true","163.73333333333332","80","0","true"
"163.76666666666668","100","15","true","163.76666666666668","80","0","true"
"163.8","100","15","true","163.8","80","0","true"
"163.83333333333334","100","15","true","163.83333333333334","80","0","true"
"163.86666666666667","100","15","true","163.86666666666667","80","0","true"
"163.9","100","15","true","163.9","80","0","true"
"163.93333333333334","100","15","true","163.93333333333334","80","0","true"
"163.96666666666667","100","15","true","163.96666666666667","80","0","true"
"164","100","15","true","164","80","0","true"
"164.03333333333333","100","15","true","164.03333333333333","80","0","true"
"164.06666666666666","100","15","true","164.06666666666666","80","0","true"
"164.1","100","15","true","164.1","80","0","true"
"164.13333333333333","100","15","true","164.13333333333333","80","0","true"
"164.16666666666666","100","15","true","164.16666666666666","80","0","true"
"164.2","100","15","true","164.2","80","0","true"
"164.23333333333332","100","15","true","164.23333333333332","80","0","true"
"164.26666666666668","100","15","true","164.26666666666668","80","0","true"
"164.3","100","15","true","164.3","80","0","true"
"164.33333333333334","100","15","true","164.33333333333334","80","0","true"
"164.36666666666667","100","15","true","164.36666666666667","80","0","true"
"164.4","100","15","true","164.4","80","0","true"
"164.43333333333334","100","15","true","164.43333333333334","80","0","true"
"164.46666666666667","100","15","true","164.46666666666667","80","0","true"
"164.5","100","15","true","164.5","80","0","true"
"164.53333333333333","100","15","true","164.53333333333333","80","0","true"
"164.56666666666666","100","15","true","164.56666666666666","80","0","true"
"164.6","100","15","true","164.6","80","0","true"
"164.63333333333333","100","15","true","164.63333333333333","80","0","true"
"164.66666666666666","100","15","true","164.66666666666666","80","0","true"
"164.7","100","15","true","164.7","80","0","true"
"164.73333333333332","100","15","true","164.73333333333332","80","0","true"
"164.76666666666668","100","15","true","164.76666666666668","80","0","true"
"164.8","100","15","true","164.8","80","0","true"
"164.83333333333334","100","15","true","164.83333333333334","80","0","true"
"164.86666666666667","100","15","true","164.86666666666667","80","0","true"
"164.9","100","15","true","164.9","80","0","true"
"164.93333333333334","100","15","true","164.93333333333334","80","0","true"
"164.96666666666667","100","15","true","164.96666666666667","80","0","true"
"165","100","15","true","165","80","0","true"
"165.03333333333333","100","15","true","165.03333333333333","80","0","true"
"165.06666666666666","100","15","true","165.06666666666666","80","0","true"
"165.1","100","15","true","165.1","80","0","true"
"165.13333333333333","100","15","true","165.13333333333333","80","0","true"
"165.16666666666666","100","15","true","165.16666666666666","80","0","true"
"165.2","100","15","true","165.2","80","0","true"
"165.23333333333332","100","15","true","165.23333333333332","80","0","true"
"165.26666666666668","100","15","true","165.26666666666668","80","0","true"
"165.3","100","15","true","165.3","80","0","true"
"165.33333333333334","100","15","true","165.33333333333334","80","0","true"
"165.36666666666667","100","15","true","165.36666666666667","80","0","true"
"165.4","100","15","true","165.4","80","0","true"
"165.43333333333334","100","15","true","165.43333333333334","80","0","true"
"165.46666666666667","100","15","true","165.46666666666667","80","0","true"
"165.5","100","15","true","165.5","80","0","true"
"165.53333333333333","100","15","true","165.53333333333333","80","0","true"
"165.56666666666666","100","15","true","165.56666666666666","80","0","true"
"165.6","100","15","true","165.6","80","0","true"
"165.63333333333333","100","15","true","165.63333333333333","80","0","true"
"165.66666666666666","100","15","true","165.66666666666666","80","0","true"
"165.7","100","15","true","165.7","80","0","true"
"165.73333333333332","100","15","true","165.73333333333332","80","0","true"
"165.76666666666668","100","15","true","165.76666666666668","80","0","true"
"165.8","100","15","true","165.8","80","0","true"
"165.83333333333334","100","15","true","165.83333333333334","80","0","true"
"165.86666666666667","100","15","true","165.86666666666667","80","0","true"
"165.9","100","15","true","165.9","80","0","true"
"165.93333333333334","100","15","true","165.93333333333334","80","0","true"
"165.96666666666667","100","15","true","165.96666666666667","80","0","true"
"166","100","15","true","166","80","0","true"
"166.03333333333333","100","15","true","166.03333333333333","80","0","true"
"166.06666666666666","100","15","true","166.06666666666666","80","0","true"
"166.1","100","15","true","166.1","80","0","true"
"166.13333333333333","100","15","true","166.13333333333333","80","0","true"
"166.16666666666666","100","15","true","166.16666666666666","80","0","true"
"166.2","100","15","true","166.2","80","0","true"
"166.23333333333332","100","15","true","166.23333333333332","80","0","true"
"166.26666666666668","100","15","true","166.26666666666668","80","0","true"
"166.3","100","15","true","166.3","80","0","true"
"166.33333333333334","100","15","true","166.33333333333334","80","0","true"
"166.36666666666667","100","15","true","166.36666666666667","80","0","true"
"166.4","100","15","true","166.4","80","0","true"
"166.43333333333334","100","15","true","166.43333333333334","80","0","true"
"166.46666666666667","100","15","true","166.46666666666667","80","0","true"
"166.5","100","15","true","166.5","80","0","true"
"166.53333333333333","100","15","true","166.53333333333333","80","0","true"
"166.56666666666666","100","15","true","166.56666666666666","80","0","true"
"166.6","100","15","true","166.6","80","0","true"
"166.63333333333333","100","15","true","166.63333333333333","80","0","true"
"166.66666666666666","100","15","true","166.66666666666666","80","0","true"
"166.7","100","15","true","166.7","80","0","true"
"166.73333333333332","100","15","true","166.73333333333332","80","0","true"
"166.76666666666668","100","15","true","166.76666666666668","80","0","true"
"166.8","100","15","true","166.8","80","0","true"
"166.83333333333334","100","15","true","166.83333333333334","80","0","true"
"166.86666666666667","100","15","true","166.86666666666667","80","0","true"
"166.9","100","15","true","166.9","84","0","true"
"166.93333333333334","100","15","true","166.93333333333334","84","0","true"
"166.96666666666667","100","15","true","166.96666666666667","84","0","true"
"167","100","15","true","167","84","0","true"
"167.03333333333333","100","15","true","167.03333333333333","84","0","true"
"167.06666666666666","100","15","true","167.06666666666666","84","0","true"
"167.1","100","15","true","167.1","84","0","true"
"167.13333333333333","100","15","true","167.13333333333333","84","0","true"
"167.16666666666666","100","15","true","167.16666666666666","84","0","true"
"167.2","100","15","true","167.2","84","0","true"
"167.23333333333332","100","15","true","167.23333333333332","84","0","true"
"167.26666666666668","100","15","true","167.26666666666668","84","0","true"
"167.3","100","15","true","167.3","84","0","true"
"167.33333333333334","100","15","true","167.33333333333334","84","0","true"
"167.36666666666667","100","15","true","167.36666666666667","84","0","true"
"167.4","100","15","true","167.4","84","0","true"
"167.43333333333334","100","15","true","167.43333333333334","84","0","true"
"167.46666666666667","100","15","true","167.46666666666667","84","0","true"
"167.5","100","15","true","167.5","84","0","true"
"167.53333333333333","100","15","true","167.53333333333333","84","0","true"
"167.56666666666666","100","15","true","167.56666666666666","84","0","true"
"167.6","100","15","true","167.6","84","0","true"
"167.63333333333333","100","15","true","167.63333333333333","84","0","true"
"167.66666666666666","100","15","true","167.66666666666666","84","0","true"
"167.7","100","15","true","167.7","84","0","true"
"167.73333333333332","100","15","true","167.73333333333332","84","0","true"
"167.76666666666668","100","15","true","167.76666666666668","84","0","true"
"167.8","100","15","true","167.8","84","0","true"
"167.83333333333334","100","15","true","167.83333333333334","84","0","true"
"167.86666666666667","100","15","true","167.86666666666667","84","0","true"
"167.9","100","15","true","167.9","84","0","true"
"167.93333333333334","100","15","true","167.93333333333334","84","0","true"
"167.96666666666667","100","15","true","167.96666666666667","84","0","true"
"168","100","15","true","168","84","0","true"
"168.03333333333333","100","15","true","168.03333333333333","84","0","true"
"168.06666666666666","100","15","true","168.06666666666666","84","0","true"
"168.1","100","15","true","168.1","84","0","true"
"168.13333333333333","100","15","true","168.13333333333333","84","0","true"
"168.16666666666666","100","15","true","168.16666666666666","84","0","true"
"168.2","100","15","true","168.2","84","0","true"
"168.23333333333332","100","15","true","168.23333333333332","84","0","true"
"168.26666666666668","100","15","true","168.26666666666668","84","0","true"
"168.3","100","15","true","168.3","84","0","true"
"168.33333333333334","100","15","true","168.33333333333334","84","0","true"
"168.36666666666667","100","15","true","168.36666666666667","84","0","true"
"168.4","100","15","true","168.4","84","0","true"
"168.43333333333334","100","15","true","168.43333333333334","84","0","true"
"168.46666666666667","100","15","true","168.46666666666667","84","0","true"
"168.5","100","15","true","168.5","84","0","true"
"168.53333333333333","100","15","true","168.53333333333333","84","0","true"
"168.56666666666666","100","15","true","168.56666666666666","84","0","true"
"168.6","100","15","true","168.6","84","0","true"
"168.63333333333333","100","15","true","168.63333333333333","84","0","true"
"168.66666666666666","100","15","true","168.66666666666666","84","0","true"
"168.7","100","15","true","168.7","84","0","true"
"168.73333333333332","100","15","true","168.73333333333332","84","0","true"
"168.76666666666668","100","15","true","168.76666666666668","84","0","true"
"168.8","100","15","true","168.8","84","0","true"
"168.83333333333334","100","15","true","168.83333333333334","84","0","true"
"168.86666666666667","100","15","true","168.86666666666667","84","0","true"
"168.9","100","15","true","168.9","84","0","true"
"168.93333333333334","100","15","true","168.93333333333334","84","0","true"
"168.96666666666667","100","15","true","168.96666666666667","88","0","true"
"169","100","15","true","169","88","0","true"
"169.03333333333333","100","15","true","169.03333333333333","88","0","true"
"169.06666666666666","100","15","true","169.06666666666666","88","0","true"
"169.1","100","15","true","169.1","88","0","true"
"169.13333333333333","100","15","true","169.13333333333333","88","0","true"
"169.16666666666666","100","15","true","169.16666666666666","88","0","true"
"169.2","100","15","true","169.2","88","0","true"
"169.23333333333332","100","15","true","169.23333333333332","88","0","true"
"169.26666666666668","100","15","true","169.26666666666668","88","0","true"
"169.3","100","15","true","169.3","88","0","true"
"169.33333333333334","100","15","true","169.33333333333334","88","0","true"
"169.36666666666667","100","15","true","169.36666666666667","88","0","true"
"169.4","100","15","true","169.4","88","0","true"
"169.43333333333334","100","15","true","169.43333333333334","88","0","true"
"169.46666666666667","100","15","true","169.46666666666667","88","0","true"
"169.5","100","15","true","169.5","88","0","true"
"169.53333333333333","100","15","true","169.53333333333333","88","0","true"
"169.56666666666666","100","15","true","169.56666666666666","88","0","true"
"169.6","100","15","true","169.6","88","0","true"
"169.63333333333333","100","15","true","169.63333333333333","88","0","true"
"169.66666666666666","100","15","true","169.66666666666666","88","0","true"
"169.7","100","15","true","169.7","88","0","true"
"169.73333333333332","100","15","true","169.73333333333332","88","0","true"
"169.76666666666668","100","15","true","169.76666666666668","88","0","true"
"169.8","100","15","true","169.8","88","0","true"
"169.83333333333334","100","15","true","169.83333333333334","88","0","true"
"169.86666666666667","100","15","true","169.86666666666667","88","0","true"
"169.9","100","15","true","169.9","88","0","true"
"169.93333333333334","100","15","true","169.93333333333334","88","0","true"
"169.96666666666667","100","15","true","169.96666666666667","88","0","true"
"170","100","15","true","170","88","0","true"
"170.03333333333333","100","15","true","170.03333333333333","88","0","true"
"170.06666666666666","100","15","true","170.06666666666666","88","0","true"
"170.1","100","15","true","170.1","88","0","true"
"170.13333333333333","100","15","true","170.13333333333333","88","0","true"
"170.16666666666666","100","15","true","170.16666666666666","88","0","true"
"170.2","100","15","true","170.2","88","0","true"
"170.23333333333332","100","15","true","170.23333333333332","88","0","true"
"170.26666666666668","100","15","true","170.26666666666668","88","0","true"
"170.3","100","15","true","170.3","88","0","true"
"170.33333333333334","100","15","true","170.33333333333334","88","0","true"
"170.36666666666667","100","15","true","170.36666666666667","88","0","true"
"170.4","100","15","true","170.4","88","0","true"
"170.43333333333334","100","15","true","170.43333333333334","88","0","true"
"170.46666666666667","100","15","true","170.46666666666667","88","0","true"
"170.5","100","15","true","170.5","88","0","true"
"170.53333333333333","100","15","true","170.53333333333333","88","0","true"
"170.56666666666666","100","15","true","170.56666666666666","88","0","true"
"170.6","100","15","true","170.6","88","0","true"
"170.63333333333333","100","15","true","170.63333333333333","88","0","true"
"170.66666666666666","100","15","true","170.66666666666666","88","0","true"
"170.7","100","15","true","170.7","88","0","true"
"170.73333333333332","100","15","true","170.73333333333332","88","0","true"
"170.76666666666668","100","15","true","170.76666666666668","88","0","true"
"170.8","100","15","true","170.8","88","0","true"
"170.83333333333334","100","15","true","170.83333333333334","88","0","true"
"170.86666666666667","100","15","true","170.86666666666667","88","0","true"
"170.9","100","15","true","170.9","88","0","true"
"170.93333333333334","100","15","true","170.93333333333334","88","0","true"
"170.96666666666667","100","15","true","170.96666666666667","88","0","true"
"171","100","15","true","171","88","0","true"
"171.03333333333333","100","15","true","171.03333333333333","88","0","true"
"171.06666666666666","100","15","true","171.06666666666666","88","0","true"
"171.1","100","15","true","171.1","88","0","true"
"171.13333333333333","100","15","true","171.13333333333333","88","0","true"
"171.16666666666666","100","15","true","171.16666666666666","88","0","true"
"171.2","100","15","true","171.2","88","0","true"
"171.23333333333332","100","15","true","171.23333333333332","88","0","true"
"171.26666666666668","100","15","true","171.26666666666668","88","0","true"
"171.3","100","15","true","171.3","88","0","true"
"171.33333333333334","100","15","true","171.33333333333334","88","0","true"
"171.36666666666667","100","15","true","171.36666666666667","88","0","true"
"171.4","100","15","true","171.4","88","0","true"
"171.43333333333334","100","15","true","171.43333333333334","88","0","true"
"171.46666666666667","100","15","true","171.46666666666667","88","0","true"
"171.5","100","15","true","171.5","88","0","true"
"171.53333333333333","100","15","true","171.53333333333333","88","0","true"
"171.56666666666666","100","15","true","171.56666666666666","88","0","true"
"171.6","100","15","true","171.6","88","0","true"
"171.63333333333333","100","15","true","171.63333333333333","88","0","true"
"171.66666666666666","100","15","true","171.66666666666666","88","0","true"
"171.7","100","15","true","171.7","88","0","true"
"171.73333333333332","100","15","true","171.73333333333332","88","0","true"
"171.76666666666668","100","15","true","171.76666666666668","88","0","true"
"171.8","100","15","true","171.8","88","0","true"
"171.83333333333334","100","15","true","171.83333333333334","88","0","true"
"171.86666666666667","100","15","true","171.86666666666667","88","0","true"
"171.9","100","15","true","171.9","88","0","true"
"171.93333333333334","100","15","true","171.93333333333334","88","0","true"
"171.96666666666667","100","15","true","171.96666666666667","88","0","true"
"172","100","15","true","172","88","0","true"
"172.03333333333333","100","15","true","172.03333333333333","88","0","true"
"172.06666666666666","100","15","true","172.06666666666666","88","0","true"
"172.1","100","15","true","172.1","88","0","true"
"172.13333333333333","100","15","true","172.13333333333333","88","0","true"
"172.16666666666666","100","15","true","172.16666666666666","88","0","true"
"172.2","100","15","true","172.2","88","0","true"
"172.23333333333332","100","15","true","172.23333333333332","88","0","true"
"172.26666666666668","100","15","true","172.26666666666668","88","0","true"
"172.3","100","15","true","172.3","88","0","true"
"172.33333333333334","100","15","true","172.33333333333334","88","0","true"
"172.36666666666667","100","15","true","172.36666666666667","88","0","true"
"172.4","100","15","true","172.4","88","0","true"
"172.43333333333334","100","15","true","172.43333333333334","88","0","true"
"172.46666666666667","100","15","true","172.46666666666667","88","0","true"
"172.5","100","15","true","172.5","88","0","true"
"172.53333333333333","100","15","true","172.53333333333333","88","0","true"
"172.56666666666666","100","15","true","172.56666666666666","88","0","true"
"172.6","100","15","true","172.6","88","0","true"
"172.63333333333333","100","15","true","172.63333333333333","88","0","true"
"172.66666666666666","100","15","true","172.66666666666666","88","0","true"
"172.7","100","15","true","172.7","88","0","true"
"172.73333333333332","100","15","true","172.73333333333332","88","0","true"
"172.76666666666668","100","15","true","172.76666666666668","88","0","true"
"172.8","100","15","true","172.8","88","0","true"
"172.83333333333334","100","15","true","172.83333333333334","88","0","true"
"172.86666666666667","100","15","true","172.86666666666667","88","0","true"
"172.9","100","15","true","172.9","88","0","true"
"172.93333333333334","100","15","true","172.93333333333334","88","0","true"
"172.96666666666667","100","15","true","172.96666666666667","88","0","true"
"173","100","15","true","173","88","0","true"
"173.03333333333333","100","15","true","173.03333333333333","88","0","true"
"173.06666666666666","100","15","true","173.06666666666666","88","0","true"
"173.1","100","15","true","173.1","88","0","true"
"173.13333333333333","100","15","true","173.13333333333333","88","0","true"
"173.16666666666666","100","15","true","173.16666666666666","88","0","true"
"173.2","100","15","true","173.2","88","0","true"
"173.23333333333332","100","15","true","173.23333333333332","88","0","true"
"173.26666666666668","100","15","true","173.26666666666668","88","0","true"
"173.3","100","15","true","173.3","88","0","true"
"173.33333333333334","100","15","true","173.33333333333334","88","0","true"
"173.36666666666667","100","15","true","173.36666666666667","88","0","true"
"173.4","100","15","true","173.4","88","0","true"
"173.43333333333334","100","15","true","173.43333333333334","88","0","true"
"173.46666666666667","100","15","true","173.46666666666667","88","0","true"
"173.5","100","15","true","173.5","88","0","true"
"173.53333333333333","100","15","true","173.53333333333333","88","0","true"
"173.56666666666666","100","15","true","173.56666666666666","88","0","true"
"173.6","100","15","true","173.6","88","0","true"
"173.63333333333333","100","15","true","173.63333333333333","88","0","true"
"173.66666666666666","100","15","true","173.66666666666666","88","0","true"
"173.7","100","15","true","173.7","88","0","true"
"173.73333333333332","100","15","true","173.73333333333332","88","0","true"
"173.76666666666668","100","15","true","173.76666666666668","88","0","true"
"173.8","100","15","true","173.8","88","0","true"
"173.83333333333334","100","15","true","173.83333333333334","88","0","true"
"173.86666666666667","100","15","true","173.86666666666667","88","0","true"
"173.9","100","15","true","173.9","88","0","true"
"173.93333333333334","100","15","true","173.93333333333334","88","0","true"
"173.96666666666667","100","15","true","173.96666666666667","88","0","true"
"174","100","15","true","174","88","0","true"
"174.03333333333333","100","15","true","174.03333333333333","88","0","true"
"174.06666666666666","100","15","true","174.06666666666666","88","0","true"
"174.1","100","15","true","174.1","88","0","true"
"174.13333333333333","100","15","true","174.13333333333333","88","0","true"
"174.16666666666666","100","15","true","174.16666666666666","88","0","true"
"174.2","100","15","true","174.2","88","0","true"
"174.23333333333332","100","15","true","174.23333333333332","88","0","true"
"174.26666666666668","100","15","true","174.26666666666668","88","0","true"
"174.3","100","15","true","174.3","88","0","true"
"174.33333333333334","100","15","true","174.33333333333334","88","0","true"
"174.36666666666667","100","15","true","174.36666666666667","88","0","true"
"174.4","100","15","true","174.4","88","0","true"
"174.43333333333334","100","15","true","174.43333333333334","88","0","true"
"174.46666666666667","100","15","true","174.46666666666667","88","0","true"
"174.5","100","15","true","174.5","88","0","true"
"174.53333333333333","100","15","true","174.53333333333333","88","0","true"
"174.56666666666666","100","15","true","174.56666666666666","88","0","true"
"174.6","100","15","true","174.6","88","0","true"
"174.63333333333333","100","15","true","174.63333333333333","88","0","true"
"174.66666666666666","100","15","true","174.66666666666666","88","0","true"
"174.7","100","15","true","174.7","88","0","true"
"174.73333333333332","100","15","true","174.73333333333332","88","0","true"
"174.76666666666668","100","15","true","174.76666666666668","88","0","true"
"174.8","100","15","true","174.8","88","0","true"
"174.83333333333334","100","15","true","174.83333333333334","88","0","true"
"174.86666666666667","100","15","true","174.86666666666667","88","0","true"
"174.9","100","15","true","174.9","88","0","true"
"174.93333333333334","100","15","true","174.93333333333334","88","0","true"
"174.96666666666667","100","15","true","174.96666666666667","88","0","true"
"175","100","15","true","175","88","0","true"
"175.03333333333333","100","15","true","175.03333333333333","88","0","true"
"175.06666666666666","100","15","true","175.06666666666666","88","0","true"
"175.1","100","15","true","175.1","88","0","true"
"175.13333333333333","100","15","true","175.13333333333333","88","0","true"
"175.16666666666666","100","15","true","175.16666666666666","88","0","true"
"175.2","100","15","true","175.2","88","0","true"
"175.23333333333332","100","15","true","175.23333333333332","88","0","true"
"175.26666666666668","100","15","true","175.26666666666668","88","0","true"
"175.3","100","15","true","175.3","88","0","true"
"175.33333333333334","100","15","true","175.33333333333334","88","0","true"
"175.36666666666667","100","15","true","175.36666666666667","88","0","true"
"175.4","100","15","true","175.4","88","0","true"
"175.43333333333334","100","15","true","175.43333333333334","88","0","true"
"175.46666666666667","100","15","true","175.46666666666667","88","0","true"
"175.5","100","15","true","175.5","88","0","true"
"175.53333333333333","100","15","true","175.53333333333333","88","0","true"
"175.56666666666666","100","15","true","175.56666666666666","88","0","true"
"175.6","100","15","true","175.6","88","0","true"
"175.63333333333333","100","15","true","175.63333333333333","88","0","true"
"175.66666666666666","100","15","true","175.66666666666666","88","0","true"
"175.7","100","15","true","175.7","88","0","true"
"175.73333333333332","100","15","true","175.73333333333332","88","0","true"
"175.76666666666668","100","15","true","175.76666666666668","88","0","true"
"175.8","100","15","true","175.8","88","0","true"
"175.83333333333334","100","15","true","175.83333333333334","88","0","true"
"175.86666666666667","100","15","true","175.86666666666667","88","0","true"
"175.9","100","15","true","175.9","88","0","true"
"175.93333333333334","100","15","true","175.93333333333334","88","0","true"
"175.96666666666667","100","15","true","175.96666666666667","88","0","true"
"176","100","15","true","176","88","0","true"
"176.03333333333333","100","15","true","176.03333333333333","88","0","true"
"176.06666666666666","100","15","true","176.06666666666666","88","0","true"
"176.1","100","15","true","176.1","88","0","true"
"176.13333333333333","100","15","true","176.13333333333333","88","0","true"
"176.16666666666666","100","15","true","176.16666666666666","88","0","true"
"176.2","100","15","true","176.2","88","0","true"
"176.23333333333332","100","15","true","176.23333333333332","88","0","true"
"176.26666666666668","100","15","true","176.26666666666668","88","0","true"
"176.3","100","15","true","176.3","88","0","true"
"176.33333333333334","100","15","true","176.33333333333334","88","0","true"
"176.36666666666667","100","15","true","176.36666666666667","88","0","true"
"176.4","100","15","true","176.4","88","0","true"
"176.43333333333334","100","15","true","176.43333333333334","88","0","true"
"176.46666666666667","100","15","true","176.46666666666667","88","0","true"
"176.5","100","15","true","176.5","88","0","true"
"176.53333333333333","100","15","true","176.53333333333333","88","0","true"
"176.56666666666666","100","15","true","176.56666666666666","88","0","true"
"176.6","100","15","true","176.6","88","0","true"
"176.63333333333333","100","15","true","176.63333333333333","88","0","true"
"176.66666666666666","100","15","true","176.66666666666666","88","0","true"
"176.7","100","15","true","176.7","88","0","true"
"176.73333333333332","100","15","true","176.73333333333332","88","0","true"
"176.76666666666668","100","15","true","176.76666666666668","88","0","true"
"176.8","100","15","true","176.8","88","0","true"
"176.83333333333334","100","15","true","176.83333333333334","88","0","true"
"176.86666666666667","100","15","true","176.86666666666667","88","0","true"
"176.9","100","15","true","176.9","88","0","true"
"176.93333333333334","100","15","true","176.93333333333334","88","0","true"
"176.96666666666667","100","15","true","176.96666666666667","88","0","true"
"177","100","15","true","177","88","0","true"
"177.03333333333333","100","15","true","177.03333333333333","88","0","true"
"177.06666666666666","100","15","true","177.06666666666666","88","0","true"
"177.1","100","15","true","177.1","88","0","true"
"177.13333333333333","100","15","true","177.13333333333333","88","0","true"
"177.16666666666666","100","15","true","177.16666666666666","88","0","true"
"177.2","100","15","true","177.2","88","0","true"
"177.23333333333332","100","15","true","177.23333333333332","88","0","true"
"177.26666666666668","100","15","true","177.26666666666668","88","0","true"
"177.3","100","15","true","177.3","88","0","true"
"177.33333333333334","100","15","true","177.33333333333334","88","0","true"
"177.36666666666667","100","15","true","177.36666666666667","88","0","true"
"177.4","100","15","true","177.4","88","0","true"
"177.43333333333334","100","15","true","177.43333333333334","88","0","true"
"177.46666666666667","100","15","true","177.46666666666667","88","0","true"
"177.5","100","15","true","177.5","88","0","true"
"177.53333333333333","100","15","true","177.53333333333333","88","0","true"
"177.56666666666666","100","15","true","177.56666666666666","88","0","true"
"177.6","100","15","true","177.6","88","0","true"
"177.63333333333333","100","15","true","177.63333333333333","88","0","true"
"177.66666666666666","100","15","true","177.66666666666666","88","0","true"
"177.7","100","15","true","177.7","88","0","true"
"177.73333333333332","100","15","true","177.73333333333332","88","0","true"
"177.76666666666668","100","15","true","177.76666666666668","88","0","true"
"177.8","100","15","true","177.8","88","0","true"
"177.83333333333334","100","15","true","177.83333333333334","88","0","true"
"177.86666666666667","100","15","true","177.86666666666667","88","0","true"
"177.9","100","15","true","177.9","88","0","true"
"177.93333333333334","100","15","true","177.93333333333334","88","0","true"
"177.96666666666667","100","15","true","177.96666666666667","88","0","true"
"178","100","15","true","178","88","0","true"
"178.03333333333333","100","15","true","178.03333333333333","88","0","true"
"178.06666666666666","100","15","true","178.06666666666666","88","0","true"
"178.1","100","15","true","178.1","88","0","true"
"178.13333333333333","100","15","true","178.13333333333333","88","0","true"
"178.16666666666666","100","15","true","178.16666666666666","88","0","true"
"178.2","100","15","true","178.2","88","0","true"
"178.23333333333332","100","15","true","178.23333333333332","88","0","true"
"178.26666666666668","100","15","true","178.26666666666668","88","0","true"
"178.3","100","15","true","178.3","88","0","true"
"178.33333333333334","100","15","true","178.33333333333334","88","0","true"
"178.36666666666667","100","15","true","178.36666666666667","88","0","true"
"178.4","100","15","true","178.4","88","0","true"
"178.43333333333334","100","15","true","178.43333333333334","88","0","true"
"178.46666666666667","100","15","true","178.46666666666667","88","0","true"
"178.5","100","15","true","178.5","88","0","true"
"178.53333333333333","100","15","true","178.53333333333333","88","0","true"
"178.56666666666666","100","15","true","178.56666666666666","88","0","true"
"178.6","100","15","true","178.6","88","0","true"
"178.63333333333333","100","15","true","178.63333333333333","88","0","true"
"178.66666666666666","100","15","true","178.66666666666666","88","0","true"
"178.7","100","15","true","178.7","88","0","true"
"178.73333333333332","100","15","true","178.73333333333332","88","0","true"
"178.76666666666668","100","15","true","178.76666666666668","88","0","true"
"178.8","100","15","true","178.8","88","0","true"
"178.83333333333334","100","15","true","178.83333333333334","88","0","true"
"178.86666666666667","100","15","true","178.86666666666667","88","0","true"
"178.9","100","15","true","178.9","88","0","true"
"178.93333333333334","100","15","true","178.93333333333334","88","0","true"
"178.96666666666667","100","15","true","178.96666666666667","88","0","true"
"179","100","15","true","179","88","0","true"
"179.03333333333333","100","15","true","179.03333333333333","88","0","true"
"179.06666666666666","100","15","true","179.06666666666666","88","0","true"
"179.1","100","15","true","179.1","88","0","true"
"179.13333333333333","100","15","true","179.13333333333333","88","0","true"
"179.16666666666666","100","15","true","179.16666666666666","88","0","true"
"179.2","100","15","true","179.2","88","0","true"
"179.23333333333332","100","15","true","179.23333333333332","88","0","true"
"179.26666666666668","100","15","true","179.26666666666668","88","0","true"
"179.3","100","15","true","179.3","88","0","true"
"179.33333333333334","100","15","true","179.33333333333334","88","0","true"
"179.36666666666667","100","15","true","179.36666666666667","88","0","true"
"179.4","100","15","true","179.4","88","0","true"
"179.43333333333334","100","15","true","179.43333333333334","88","0","true"
"179.46666666666667","100","15","true","179.46666666666667","88","0","true"
"179.5","100","15","true","179.5","88","0","true"
"179.53333333333333","100","15","true","179.53333333333333","88","0","true"
"179.56666666666666","100","15","true","179.56666666666666","88","0","true"
"179.6","100","15","true","179.6","88","0","true"
"179.63333333333333","100","15","true","179.63333333333333","88","0","true"
"179.66666666666666","100","15","true","179.66666666666666","88","0","true"
"179.7","100","15","true","179.7","88","0","true"
"179.73333333333332","100","15","true","179.73333333333332","88","0","true"
"179.76666666666668","100","15","true","179.76666666666668","88","0","true"
"179.8","100","15","true","179.8","88","0","true"
"179.83333333333334","100","15","true","179.83333333333334","88","0","true"
"179.86666666666667","100","15","true","179.86666666666667","88","0","true"
"179.9","100","15","true","179.9","88","0","true"
"179.93333333333334","100","15","true","179.93333333333334","88","0","true"
"179.96666666666667","100","15","true","179.96666666666667","88","0","true"
"180","100","15","true","180","88","0","true"
"180.03333333333333","100","15","true","180.03333333333333","88","0","true"
"180.06666666666666","100","15","true","180.06666666666666","88","0","true"
"180.1","100","15","true","180.1","88","0","true"
"180.13333333333333","100","15","true","180.13333333333333","88","0","true"
"180.16666666666666","100","15","true","180.16666666666666","88","0","true"
"180.2","100","15","true","180.2","88","0","true"
"180.23333333333332","100","15","true","180.23333333333332","88","0","true"
"180.26666666666668","100","15","true","180.26666666666668","88","0","true"
"180.3","100","15","true","180.3","88","0","true"
"180.33333333333334","100","15","true","180.33333333333334","88","0","true"
"180.36666666666667","100","15","true","180.36666666666667","88","0","true"
"180.4","100","15","true","180.4","88","0","true"
"180.43333333333334","100","15","true","180.43333333333334","88","0","true"
"180.46666666666667","100","15","true","180.46666666666667","88","0","true"
"180.5","100","15","true","180.5","88","0","true"
"180.53333333333333","100","15","true","180.53333333333333","88","0","true"
"180.56666666666666","100","15","true","180.56666666666666","88","0","true"
"180.6","100","15","true","180.6","88","0","true"
"180.63333333333333","100","15","true","180.63333333333333","88","0","true"
"180.66666666666666","100","15","true","180.66666666666666","88","0","true"
"180.7","100","15","true","180.7","88","0","true"
"180.73333333333332","100","15","true","180.73333333333332","88","0","true"
"180.76666666666668","100","15","true","180.76666666666668","88","0","true"
"180.8","100","15","true","180.8","88","0","true"
"180.83333333333334","100","15","true","180.83333333333334","88","0","true"
"180.86666666666667","100","15","true","180.86666666666667","88","0","true"
"180.9","100","15","true","180.9","88","0","true"
"180.93333333333334","100","15","true","180.93333333333334","88","0","true"
"180.96666666666667","100","15","true","180.96666666666667","88","0","true"
"181","100","15","true","181","88","0","true"
"181.03333333333333","100","15","true","181.03333333333333","88","0","true"
"181.06666666666666","100","15","true","181.06666666666666","88","0","true"
"181.1","100","15","true","181.1","88","0","true"
"181.13333333333333","100","15","true","181.13333333333333","88","0","true"
"181.16666666666666","100","15","true","181.16666666666666","88","0","true"
"181.2","100","15","true","181.2","88","0","true"
"181.23333333333332","100","15","true","181.23333333333332","88","0","true"
"181.26666666666668","100","15","true","181.26666666666668","88","0","true"
"181.3","100","15","true","181.3","88","0","true"
"181.33333333333334","100","15","true","181.33333333333334","88","0","true"
"181.36666666666667","100","15","true","181.36666666666667","88","0","true"
"181.4","100","15","true","181.4","88","0","true"
"181.43333333333334","100","15","true","181.43333333333334","88","0","true"
"181.46666666666667","100","15","true","181.46666666666667","88","0","true"
"181.5","100","15","true","181.5","88","0","true"
"181.53333333333333","100","15","true","181.53333333333333","88","0","true"
"181.56666666666666","100","15","true","181.56666666666666","88","0","true"
"181.6","100","15","true","181.6","88","0","true"
"181.63333333333333","100","15","true","181.63333333333333","88","0","true"
"181.66666666666666","100","15","true","181.66666666666666","88","0","true"
"181.7","100","15","true","181.7","88","0","true"
"181.73333333333332","100","15","true","181.73333333333332","88","0","true"
"181.76666666666668","100","15","true","181.76666666666668","88","0","true"
"181.8","100","15","true","181.8","88","0","true"
"181.83333333333334","100","15","true","181.83333333333334","88","0","true"
"181.86666666666667","100","15","true","181.86666666666667","88","0","true"
"181.9","100","15","true","181.9","88","0","true"
"181.93333333333334","100","15","true","181.93333333333334","88","0","true"
"181.96666666666667","100","15","true","181.96666666666667","88","0","true"
"182","100","15","true","182","88","0","true"
"182.03333333333333","100","15","true","182.03333333333333","88","0","true"
"182.06666666666666","100","15","true","182.06666666666666","88","0","true"
"182.1","100","15","true","182.1","88","0","true"
"182.13333333333333","100","15","true","182.13333333333333","88","0","true"
"182.16666666666666","100","15","true","182.16666666666666","88","0","true"
"182.2","100","15","true","182.2","88","0","true"
"182.23333333333332","100","15","true","182.23333333333332","88","0","true"
"182.26666666666668","100","15","true","182.26666666666668","88","0","true"
"182.3","100","15","true","182.3","88","0","true"
"182.33333333333334","100","15","true","182.33333333333334","88","0","true"
"182.36666666666667","100","15","true","182.36666666666667","88","0","true"
"182.4","100","15","true","182.4","88","0","true"
"182.43333333333334","100","15","true","182.43333333333334","88","0","true"
"182.46666666666667","100","15","true","182.46666666666667","88","0","true"
"182.5","100","15","true","182.5","88","0","true"
"182.53333333333333","100","15","true","182.53333333333333","88","0","true"
"182.56666666666666","100","15","true","182.56666666666666","88","0","true"
"182.6","100","15","true","182.6","88","0","true"
"182.63333333333333","100","15","true","182.63333333333333","88","0","true"
"182.66666666666666","100","15","true","182.66666666666666","88","0","true"
"182.7","100","15","true","182.7","88","0","true"
"182.73333333333332","100","15","true","182.73333333333332","88","0","true"
"182.76666666666668","100","15","true","182.76666666666668","88","0","true"
"182.8","100","15","true","182.8","88","0","true"
"182.83333333333334","100","15","true","182.83333333333334","88","0","true"
"182.86666666666667","100","15","true","182.86666666666667","88","0","true"
"182.9","100","15","true","182.9","88","0","true"
"182.93333333333334","100","15","true","182.93333333333334","88","0","true"
"182.96666666666667","100","15","true","182.96666666666667","88","0","true"
"183","100","15","true","183","88","0","true"
"183.03333333333333","100","15","true","183.03333333333333","88","0","true"
"183.06666666666666","100","15","true","183.06666666666666","88","0","true"
"183.1","100","15","true","183.1","88","0","true"
"183.13333333333333","100","15","true","183.13333333333333","88","0","true"
"183.16666666666666","100","15","true","183.16666666666666","88","0","true"
"183.2","100","15","true","183.2","88","0","true"
"183.23333333333332","100","15","true","183.23333333333332","88","0","true"
"183.26666666666668","100","15","true","183.26666666666668","88","0","true"
"183.3","100","15","true","183.3","88","0","true"
"183.33333333333334","100","15","true","183.33333333333334","88","0","true"
"183.36666666666667","100","15","true","183.36666666666667","88","0","true"
"183.4","100","15","true","183.4","88","0","true"
"183.43333333333334","100","15","true","183.43333333333334","88","0","true"
"183.46666666666667","100","15","true","183.46666666666667","88","0","true"
"183.5","100","15","true","183.5","88","0","true"
"183.53333333333333","100","15","true","183.53333333333333","88","0","true"
"183.56666666666666","100","15","true","183.56666666666666","88","0","true"
"183.6","100","15","true","183.6","88","0","true"
"183.63333333333333","100","15","true","183.63333333333333","88","0","true"
"183.66666666666666","100","15","true","183.66666666666666","88","0","true"
"183.7","100","15","true","183.7","88","0","true"
"183.73333333333332","100","15","true","183.73333333333332","88","0","true"
"183.76666666666668","100","15","true","183.76666666666668","88","0","true"
"183.8","100","15","true","183.8","88","0","true"
"183.83333333333334","100","15","true","183.83333333333334","88","0","true"
"183.86666666666667","100","15","true","183.86666666666667","88","0","true"
"183.9","100","15","true","183.9","88","0","true"
"183.93333333333334","100","15","true","183.93333333333334","88","0","true"
"183.96666666666667","100","15","true","183.96666666666667","88","0","true"
"184","100","15","true","184","88","0","true"
"184.03333333333333","100","15","true","184.03333333333333","88","0","true"
"184.06666666666666","100","15","true","184.06666666666666","88","0","true"
"184.1","100","15","true","184.1","88","0","true"
"184.13333333333333","100","15","true","184.13333333333333","88","0","true"
"184.16666666666666","100","15","true","184.16666666666666","88","0","true"
"184.2","100","15","true","184.2","88","0","true"
"184.23333333333332","100","15","true","184.23333333333332","88","0","true"
"184.26666666666668","100","15","true","184.26666666666668","88","0","true"
"184.3","100","15","true","184.3","88","0","true"
"184.33333333333334","100","15","true","184.33333333333334","88","0","true"
"184.36666666666667","100","15","true","184.36666666666667","88","0","true"
"184.4","100","15","true","184.4","88","0","true"
"184.43333333333334","100","15","true","184.43333333333334","88","0","true"
"184.46666666666667","100","15","true","184.46666666666667","88","0","true"
"184.5","100","15","true","184.5","88","0","true"
"184.53333333333333","100","15","true","184.53333333333333","88","0","true"
"184.56666666666666","100","15","true","184.56666666666666","88","0","true"
"184.6","100","15","true","184.6","88","0","true"
"184.63333333333333","100","15","true","184.63333333333333","88","0","true"
"184.66666666666666","100","15","true","184.66666666666666","88","0","true"
"184.7","100","15","true","184.7","88","0","true"
"184.73333333333332","100","15","true","184.73333333333332","88","0","true"
"184.76666666666668","100","15","true","184.76666666666668","88","0","true"
"184.8","100","15","true","184.8","88","0","true"
"184.83333333333334","100","15","true","184.83333333333334","88","0","true"
"184.86666666666667","100","15","true","184.86666666666667","88","0","true"
"184.9","100","15","true","184.9","88","0","true"
"184.93333333333334","100","15","true","184.93333333333334","88","0","true"
"184.96666666666667","100","15","true","184.96666666666667","88","0","true"
"185","100","15","true","185","88","0","true"
"185.03333333333333","100","15","true","185.03333333333333","88","0","true"
"185.06666666666666","100","15","true","185.06666666666666","88","0","true"
"185.1","100","15","true","185.1","88","0","true"
"185.13333333333333","100","15","true","185.13333333333333","88","0","true"
"185.16666666666666","100","15","true","185.16666666666666","88","0","true"
"185.2","100","15","true","185.2","88","0","true"
"185.23333333333332","100","15","true","185.23333333333332","88","0","true"
"185.26666666666668","100","15","true","185.26666666666668","88","0","true"
"185.3","100","15","true","185.3","88","0","true"
"185.33333333333334","100","15","true","185.33333333333334","88","0","true"
"185.36666666666667","100","15","true","185.36666666666667","88","0","true"
"185.4","100","15","true","185.4","88","0","true"
"185.43333333333334","100","15","true","185.43333333333334","88","0","true"
"185.46666666666667","100","15","true","185.46666666666667","88","0","true"
"185.5","100","15","true","185.5","88","0","true"
"185.53333333333333","100","15","true","185.53333333333333","88","0","true"
"185.56666666666666","100","15","true","185.56666666666666","88","0","true"
"185.6","100","15","true","185.6","88","0","true"
"185.63333333333333","100","15","true","185.63333333333333","88","0","true"
"185.66666666666666","100","15","true","185.66666666666666","88","0","true"
"185.7","100","15","true","185.7","88","0","true"
"185.73333333333332","100","15","true","185.73333333333332","88","0","true"
"185.76666666666668","100","15","true","185.76666666666668","88","0","true"
"185.8","100","15","true","185.8","88","0","true"
"185.83333333333334","100","15","true","185.83333333333334","88","0","true"
"185.86666666666667","100","15","true","185.86666666666667","88","0","true"
"185.9","100","15","true","185.9","88","0","true"
"185.93333333333334","100","15","true","185.93333333333334","88","0","true"
"185.96666666666667","100","15","true","185.96666666666667","88","0","true"
"186","100","15","true","186","88","0","true"
"186.03333333333333","100","15","true","186.03333333333333","88","0","true"
"186.06666666666666","100","15","true","186.06666666666666","88","0","true"
"186.1","100","15","true","186.1","88","0","true"
"186.13333333333333","100","15","true","186.13333333333333","88","0","true"
"186.16666666666666","100","15","true","186.16666666666666","88","0","true"
"186.2","100","15","true","186.2","88","0","true"
"186.23333333333332","100","15","true","186.23333333333332","88","0","true"
"186.26666666666668","100","15","true","186.26666666666668","88","0","true"
"186.3","100","15","true","186.3","88","0","true"
"186.33333333333334","100","15","true","186.33333333333334","88","0","true"
"186.36666666666667","100","15","true","186.36666666666667","88","0","true"
"186.4","100","15","true","186.4","88","0","true"
"186.43333333333334","100","15","true","186.43333333333334","88","0","true"
"186.46666666666667","100","15","true","186.46666666666667","88","0","true"
"186.5","100","15","true","186.5","88","0","true"
"186.53333333333333","100","15","true","186.53333333333333","88","0","true"
"186.56666666666666","100","15","true","186.56666666666666","88","0","true"
"186.6","100","15","true","186.6","88","0","true"
"186.63333333333333","100","15","true","186.63333333333333","88","0","true"
"186.66666666666666","100","15","true","186.66666666666666","88","0","true"
"186.7","100","15","true","186.7","88","0","true"
"186.73333333333332","100","15","true","186.73333333333332","88","0","true"
"186.76666666666668","100","15","true","186.76666666666668","88","0","true"
"186.8","100","15","true","186.8","88","0","true"
"186.83333333333334","100","15","true","186.83333333333334","88","0","true"
"186.86666666666667","100","15","true","186.86666666666667","88","0","true"
"186.9","100","15","true","186.9","88","0","true"
"186.93333333333334","100","15","true","186.93333333333334","88","0","true"
"186.96666666666667","100","15","true","186.96666666666667","88","0","true"
"187","100","15","true","187","88","0","true"
"187.03333333333333","100","15","true","187.03333333333333","88","0","true"
"187.06666666666666","100","15","true","187.06666666666666","88","0","true"
"187.1","100","15","true","187.1","88","0","true"
"187.13333333333333","100","15","true","187.13333333333333","88","0","true"
"187.16666666666666","100","15","true","187.16666666666666","88","0","true"
"187.2","100","15","true","187.2","88","0","true"
"187.23333333333332","100","15","true","187.23333333333332","88","0","true"
"187.26666666666668","100","15","true","187.26666666666668","88","0","true"
"187.3","100","15","true","187.3","88","0","true"
"187.33333333333334","100","15","true","187.33333333333334","88","0","true"
"187.36666666666667","100","15","true","187.36666666666667","88","0","true"
"187.4","100","15","true","187.4","88","0","true"
"187.43333333333334","100","15","true","187.43333333333334","88","0","true"
"187.46666666666667","100","15","true","187.46666666666667","88","0","true"
"187.5","100","15","true","187.5","88","0","true"
"187.53333333333333","100","15","true","187.53333333333333","88","0","true"
"187.56666666666666","100","15","true","187.56666666666666","88","0","true"
"187.6","100","15","true","187.6","88","0","true"
"187.63333333333333","100","15","true","187.63333333333333","88","0","true"
"187.66666666666666","100","15","true","187.66666666666666","88","0","true"
"187.7","100","15","true","187.7","88","0","true"
"187.73333333333332","100","15","true","187.73333333333332","88","0","true"
"187.76666666666668","100","15","true","187.76666666666668","88","0","true"
"187.8","100","15","true","187.8","88","0","true"
"187.83333333333334","100","15","true","187.83333333333334","88","0","true"
"187.86666666666667","100","15","true","187.86666666666667","88","0","true"
"187.9","100","15","true","187.9","88","0","true"
"187.93333333333334","100","15","true","187.93333333333334","88","0","true"
"187.96666666666667","100","15","true","187.96666666666667","88","0","true"
"188","100","15","true","188","88","0","true"
"188.03333333333333","100","15","true","188.03333333333333","88","0","true"
"188.06666666666666","100","15","true","188.06666666666666","88","0","true"
"188.1","100","15","true","188.1","88","0","true"
"188.13333333333333","100","15","true","188.13333333333333","88","0","true"
"188.16666666666666","100","15","true","188.16666666666666","88","0","true"
"188.2","100","15","true","188.2","88","0","true"
"188.23333333333332","100","15","true","188.23333333333332","88","0","true"
"188.26666666666668","100","15","true","188.26666666666668","88","0","true"
"188.3","100","15","true","188.3","88","0","true"
"188.33333333333334","100","15","true","188.33333333333334","88","0","true"
"188.36666666666667","100","15","true","188.36666666666667","88","0","true"
"188.4","100","15","true","188.4","88","0","true"
"188.43333333333334","100","15","true","188.43333333333334","88","0","true"
"188.46666666666667","100","15","true","188.46666666666667","88","0","true"
"188.5","100","15","true","188.5","88","0","true"
"188.53333333333333","100","15","true","188.53333333333333","88","0","true"
"188.56666666666666","100","15","true","188.56666666666666","88","0","true"
"188.6","100","15","true","188.6","88","0","true"
"188.63333333333333","100","15","true","188.63333333333333","88","0","true"
"188.66666666666666","100","15","true","188.66666666666666","88","0","true"
"188.7","100","15","true","188.7","88","0","true"
"188.73333333333332","100","15","true","188.73333333333332","88","0","true"
"188.76666666666668","100","15","true","188.76666666666668","88","0","true"
"188.8","100","15","true","188.8","88","0","true"
"188.83333333333334","100","15","true","188.83333333333334","88","0","true"
"188.86666666666667","100","15","true","188.86666666666667","88","0","true"
"188.9","100","15","true","188.9","88","0","true"
"188.93333333333334","100","15","true","188.93333333333334","88","0","true"
"188.96666666666667","100","15","true","188.96666666666667","88","0","true"
"189","100","15","true","189","88","0","true"
"189.03333333333333","100","15","true","189.03333333333333","88","0","true"
"189.06666666666666","100","15","true","189.06666666666666","88","0","true"
"189.1","100","15","true","189.1","88","0","true"
"189.13333333333333","100","15","true","189.13333333333333","88","0","true"
"189.16666666666666","100","15","true","189.16666666666666","88","0","true"
"189.2","100","15","true","189.2","88","0","true"
"189.23333333333332","100","15","true","189.23333333333332","88","0","true"
"189.26666666666668","100","15","true","189.26666666666668","88","0","true"
"189.3","100","15","true","189.3","88","0","true"
"189.33333333333334","100","15","true","189.33333333333334","88","0","true"
"189.36666666666667","100","15","true","189.36666666666667","88","0","true"
"189.4","100","15","true","189.4","88","0","true"
"189.43333333333334","100","15","true","189.43333333333334","88","0","true"
"189.46666666666667","100","15","true","189.46666666666667","88","0","true"
"189.5","100","15","true","189.5","88","0","true"
"189.53333333333333","100","15","true","189.53333333333333","88","0","true"
"189.56666666666666","100","15","true","189.56666666666666","88","0","true"
"189.6","100","15","true","189.6","88","0","true"
"189.63333333333333","100","15","true","189.63333333333333","88","0","true"
"189.66666666666666","100","15","true","189.66666666666666","88","0","true"
"189.7","100","15","true","189.7","88","0","true"
"189.73333333333332","100","15","true","189.73333333333332","88","0","true"
"189.76666666666668","100","15","true","189.76666666666668","88","0","true"
"189.8","100","15","true","189.8","88","0","true"
"189.83333333333334","100","15","true","189.83333333333334","88","0","true"
"189.86666666666667","100","15","true","189.86666666666667","88","0","true"
"189.9","100","15","true","189.9","88","0","true"
"189.93333333333334","100","15","true","189.93333333333334","88","0","true"
"189.96666666666667","100","15","true","189.96666666666667","88","0","true"
"190","100","15","true","190","88","0","true"
"190.03333333333333","100","15","true","190.03333333333333","88","0","true"
"190.06666666666666","100","15","true","190.06666666666666","88","0","true"
"190.1","100","15","true","190.1","88","0","true"
"190.13333333333333","100","15","true","190.13333333333333","88","0","true"
"190.16666666666666","100","15","true","190.16666666666666","88","0","true"
"190.2","100","15","true","190.2","88","0","true"
"190.23333333333332","100","15","true","190.23333333333332","88","0","true"
"190.26666666666668","100","15","true","190.26666666666668","88","0","true"
"190.3","100","15","true","190.3","88","0","true"
"190.33333333333334","100","15","true","190.33333333333334","88","0","true"
"190.36666666666667","100","15","true","190.36666666666667","88","0","true"
"190.4","100","15","true","190.4","88","0","true"
"190.43333333333334","100","15","true","190.43333333333334","88","0","true"
"190.46666666666667","100","15","true","190.46666666666667","88","0","true"
"190.5","100","15","true","190.5","88","0","true"
"190.53333333333333","100","15","true","190.53333333333333","88","0","true"
"190.56666666666666","100","15","true","190.56666666666666","88","0","true"
"190.6","100","15","true","190.6","88","0","true"
"190.63333333333333","100","15","true","190.63333333333333","88","0","true"
"190.66666666666666","100","15","true","190.66666666666666","88","0","true"
"190.7","100","15","true","190.7","88","0","true"
"190.73333333333332","100","15","true","190.73333333333332","88","0","true"
"190.76666666666668","100","15","true","190.76666666666668","88","0","true"
"190.8","100","15","true","190.8","88","0","true"
"190.83333333333334","100","15","true","190.83333333333334","88","0","true"
"190.86666666666667","100","15","true","190.86666666666667","88","0","true"
"190.9","100","15","true","190.9","88","0","true"
"190.93333333333334","100","15","true","190.93333333333334","88","0","true"
"190.96666666666667","100","15","true","190.96666666666667","88","0","true"
"191","100","15","true","191","88","0","true"
"191.03333333333333","100","15","true","191.03333333333333","88","0","true"
"191.06666666666666","100","15","true","191.06666666666666","88","0","true"
"191.1","100","15","true","191.1","88","0","true"
"191.13333333333333","100","15","true","191.13333333333333","88","0","true"
"191.16666666666666","100","15","true","191.16666666666666","88","0","true"
"191.2","100","15","true","191.2","88","0","true"
"191.23333333333332","100","15","true","191.23333333333332","88","0","true"
"191.26666666666668","100","15","true","191.26666666666668","88","0","true"
"191.3","100","15","true","191.3","88","0","true"
"191.33333333333334","100","15","true","191.33333333333334","88","0","true"
"191.36666666666667","100","15","true","191.36666666666667","88","0","true"
"191.4","100","15","true","191.4","88","0","true"
"191.43333333333334","100","15","true","191.43333333333334","88","0","true"
"191.46666666666667","100","15","true","191.46666666666667","88","0","true"
"191.5","100","15","true","191.5","88","0","true"
"191.53333333333333","100","15","true","191.53333333333333","88","0","true"
"191.56666666666666","100","15","true","191.56666666666666","88","0","true"
"191.6","100","15","true","191.6","88","0","true"
"191.63333333333333","100","15","true","191.63333333333333","88","0","true"
"191.66666666666666","100","15","true","191.66666666666666","88","0","true"
"191.7","100","15","true","191.7","88","0","true"
"191.73333333333332","100","15","true","191.73333333333332","88","0","true"
"191.76666666666668","100","15","true","191.76666666666668","88","0","true"
"191.8","100","15","true","191.8","88","0","true"
"191.83333333333334","100","15","true","191.83333333333334","88","0","true"
"191.86666666666667","100","15","true","191.86666666666667","88","0","true"
"191.9","100","15","true","191.9","88","0","true"
"191.93333333333334","100","15","true","191.93333333333334","88","0","true"
"191.96666666666667","100","15","true","191.96666666666667","88","0","true"
"192","100","15","true","192","88","0","true"
"192.03333333333333","100","15","true","192.03333333333333","88","0","true"
"192.06666666666666","100","15","true","192.06666666666666","88","0","true"
"192.1","100","15","true","192.1","88","0","true"
"192.13333333333333","100","15","true","192.13333333333333","88","0","true"
"192.16666666666666","100","15","true","192.16666666666666","88","0","true"
"192.2","100","15","true","192.2","88","0","true"
"192.23333333333332","100","15","true","192.23333333333332","88","0","true"
"192.26666666666668","100","15","true","192.26666666666668","88","0","true"
"192.3","100","15","true","192.3","88","0","true"
"192.33333333333334","100","15","true","192.33333333333334","88","0","true"
"192.36666666666667","100","15","true","192.36666666666667","88","0","true"
"192.4","100","15","true","192.4","88","0","true"
"192.43333333333334","100","15","true","192.43333333333334","88","0","true"
"192.46666666666667","100","15","true","192.46666666666667","88","0","true"
"192.5","100","15","true","192.5","88","0","true"
"192.53333333333333","100","15","true","192.53333333333333","88","0","true"
"192.56666666666666","100","15","true","192.56666666666666","88","0","true"
"192.6","100","15","true","192.6","88","0","true"
"192.63333333333333","100","15","true","192.63333333333333","88","0","true"
"192.66666666666666","100","15","true","192.66666666666666","88","0","true"
"192.7","100","15","true","192.7","88","0","true"
"192.73333333333332","100","15","true","192.73333333333332","88","0","true"
"192.76666666666668","100","15","true","192.76666666666668","88","0","true"
"192.8","100","15","true","192.8","88","0","true"
"192.83333333333334","100","15","true","192.83333333333334","88","0","true"
"192.86666666666667","100","15","true","192.86666666666667","88","0","true"
"192.9","100","15","true","192.9","88","0","true"
"192.93333333333334","100","15","true","192.93333333333334","88","0","true"
"192.96666666666667","100","15","true","192.96666666666667","88","0","true"
"193","100","15","true","193","88","0","true"
"193.03333333333333","100","15","true","193.03333333333333","88","0","true"
"193.06666666666666","100","15","true","193.06666666666666","88","0","true"
"193.1","100","15","true","193.1","88","0","true"
"193.13333333333333","100","15","true","193.13333333333333","88","0","true"
"193.16666666666666","100","15","true","193.16666666666666","88","0","true"
"193.2","100","15","true","193.2","88","0","true"
"193.23333333333332","100","15","true","193.23333333333332","88","0","true"
"193.26666666666668","100","15","true","193.26666666666668","88","0","true"
"193.3","100","15","true","193.3","88","0","true"
"193.33333333333334","100","15","true","193.33333333333334","88","0","true"
"193.36666666666667","100","15","true","193.36666666666667","88","0","true"
"193.4","100","15","true","193.4","88","0","true"
"193.43333333333334","100","15","true","193.43333333333334","88","0","true"
"193.46666666666667","100","15","true","193.46666666666667","88","0","true"
"193.5","100","15","true","193.5","88","0","true"
"193.53333333333333","100","15","true","193.53333333333333","88","0","true"
"193.56666666666666","100","15","true","193.56666666666666","88","0","true"
"193.6","100","15","true","193.6","88","0","true"
"193.63333333333333","100","15","true","193.63333333333333","88","0","true"
"193.66666666666666","100","15","true","193.66666666666666","88","0","true"
"193.7","100","15","true","193.7","88","0","true"
"193.73333333333332","100","15","true","193.73333333333332","88","0","true"
"193.76666666666668","100","15","true","193.76666666666668","88","0","true"
"193.8","100","15","true","193.8","88","0","true"
"193.83333333333334","100","15","true","193.83333333333334","88","0","true"
"193.86666666666667","100","15","true","193.86666666666667","88","0","true"
"193.9","100","15","true","193.9","88","0","true"
"193.93333333333334","100","15","true","193.93333333333334","88","0","true"
"193.96666666666667","100","15","true","193.96666666666667","88","0","true"
"194","100","15","true","194","88","0","true"
"194.03333333333333","100","15","true","194.03333333333333","88","0","true"
"194.06666666666666","100","15","true","194.06666666666666","88","0","true"
"194.1","100","15","true","194.1","88","0","true"
"194.13333333333333","100","15","true","194.13333333333333","88","0","true"
"194.16666666666666","100","15","true","194.16666666666666","88","0","true"
"194.2","100","15","true","194.2","88","0","true"
"194.23333333333332","100","15","true","194.23333333333332","88","0","true"
"194.26666666666668","100","15","true","194.26666666666668","88","0","true"
"194.3","100","15","true","194.3","88","0","true"
"194.33333333333334","100","15","true","194.33333333333334","88","0","true"
"194.36666666666667","100","15","true","194.36666666666667","88","0","true"
"194.4","100","15","true","194.4","88","0","true"
"194.43333333333334","100","15","true","194.43333333333334","88","0","true"
"194.46666666666667","100","15","true","194.46666666666667","88","0","true"
"194.5","100","15","true","194.5","88","0","true"
"194.53333333333333","100","15","true","194.53333333333333","88","0","true"
"194.56666666666666","100","15","true","194.56666666666666","88","0","true"
"194.6","100","15","true","194.6","88","0","true"
"194.63333333333333","100","15","true","194.63333333333333","88","0","true"
"194.66666666666666","100","15","true","194.66666666666666","88","0","true"
"194.7","100","15","true","194.7","88","0","true"
"194.73333333333332","100","15","true","194.73333333333332","88","0","true"
"194.76666666666668","100","15","true","194.76666666666668","88","0","true"
"194.8","100","15","true","194.8","88","0","true"
"194.83333333333334","100","15","true","194.83333333333334","88","0","true"
"194.86666666666667","100","15","true","194.86666666666667","88","0","true"
"194.9","100","15","true","194.9","88","0","true"
"194.93333333333334","100","15","true","194.93333333333334","88","0","true"
"194.96666666666667","100","15","true","194.96666666666667","88","0","true"
"195","100","15","true","195","88","0","true"
"195.03333333333333","100","15","true","195.03333333333333","88","0","true"
"195.06666666666666","100","15","true","195.06666666666666","88","0","true"
"195.1","100","15","true","195.1","88","0","true"
"195.13333333333333","100","15","true","195.13333333333333","88","0","true"
"195.16666666666666","100","15","true","195.16666666666666","88","0","true"
"195.2","100","15","true","195.2","88","0","true"
"195.23333333333332","100","15","true","195.23333333333332","88","0","true"
"195.26666666666668","100","15","true","195.26666666666668","88","0","true"
"195.3","100","15","true","195.3","88","0","true"
"195.33333333333334","100","15","true","195.33333333333334","88","0","true"
"195.36666666666667","100","15","true","195.36666666666667","88","0","true"
"195.4","100","15","true","195.4","88","0","true"
"195.43333333333334","100","15","true","195.43333333333334","88","0","true"
"195.46666666666667","100","15","true","195.46666666666667","88","0","true"
"195.5","100","15","true","195.5","88","0","true"
"195.53333333333333","100","15","true","195.53333333333333","88","0","true"
"195.56666666666666","100","15","true","195.56666666666666","88","0","true"
"195.6","100","15","true","195.6","88","0","true"
"195.63333333333333","100","15","true","195.63333333333333","88","0","true"
"195.66666666666666","100","15","true","195.66666666666666","88","0","true"
"195.7","100","15","true","195.7","88","0","true"
"195.73333333333332","100","15","true","195.73333333333332","88","0","true"
"195.76666666666668","100","15","true","195.76666666666668","88","0","true"
"195.8","100","15","true","195.8","88","0","true"
"195.83333333333334","100","15","true","195.83333333333334","88","0","true"
"195.86666666666667","100","15","true","195.86666666666667","88","0","true"
"195.9","100","15","true","195.9","88","0","true"
"195.93333333333334","100","15","true","195.93333333333334","88","0","true"
"195.96666666666667","100","15","true","195.96666666666667","88","0","true"
"196","100","15","true","196","88","0","true"
"196.03333333333333","100","15","true","196.03333333333333","88","0","true"
"196.06666666666666","100","15","true","196.06666666666666","88","0","true"
"196.1","100","15","true","196.1","88","0","true"
"196.13333333333333","100","15","true","196.13333333333333","88","0","true"
"196.16666666666666","100","15","true","196.16666666666666","88","0","true"
"196.2","100","15","true","196.2","88","0","true"
"196.23333333333332","100","15","true","196.23333333333332","88","0","true"
"196.26666666666668","100","15","true","196.26666666666668","88","0","true"
"196.3","100","15","true","196.3","88","0","true"
"196.33333333333334","100","15","true","196.33333333333334","88","0","true"
"196.36666666666667","100","15","true","196.36666666666667","88","0","true"
"196.4","100","15","true","196.4","88","0","true"
"196.43333333333334","100","15","true","196.43333333333334","88","0","true"
"196.46666666666667","100","15","true","196.46666666666667","88","0","true"
"196.5","100","15","true","196.5","88","0","true"
"196.53333333333333","100","15","true","196.53333333333333","88","0","true"
"196.56666666666666","100","15","true","196.56666666666666","88","0","true"
"196.6","100","15","true","196.6","88","0","true"
"196.63333333333333","100","15","true","196.63333333333333","88","0","true"
"196.66666666666666","100","15","true","196.66666666666666","88","0","true"
"196.7","100","15","true","196.7","88","0","true"
"196.73333333333332","100","15","true","196.73333333333332","88","0","true"
"196.76666666666668","100","15","true","196.76666666666668","88","0","true"
"196.8","100","15","true","196.8","88","0","true"
"196.83333333333334","100","15","true","196.83333333333334","88","0","true"
"196.86666666666667","100","15","true","196.86666666666667","88","0","true"
"196.9","100","15","true","196.9","88","0","true"
"196.93333333333334","100","15","true","196.93333333333334","88","0","true"
"196.96666666666667","100","15","true","196.96666666666667","88","0","true"
"197","100","15","true","197","88","0","true"
"197.03333333333333","100","15","true","197.03333333333333","88","0","true"
"197.06666666666666","100","15","true","197.06666666666666","88","0","true"
"197.1","100","15","true","197.1","88","0","true"
"197.13333333333333","100","15","true","197.13333333333333","88","0","true"
"197.16666666666666","100","15","true","197.16666666666666","88","0","true"
"197.2","100","15","true","197.2","88","0","true"
"197.23333333333332","100","15","true","197.23333333333332","88","0","true"
"197.26666666666668","100","15","true","197.26666666666668","88","0","true"
"197.3","100","15","true","197.3","88","0","true"
"197.33333333333334","100","15","true","197.33333333333334","88","0","true"
"197.36666666666667","100","15","true","197.36666666666667","88","0","true"
"197.4","100","15","true","197.4","88","0","true"
"197.43333333333334","100","15","true","197.43333333333334","88","0","true"
"197.46666666666667","100","15","true","197.46666666666667","88","0","true"
"197.5","100","15","true","197.5","88","0","true"
"197.53333333333333","100","15","true","197.53333333333333","88","0","true"
"197.56666666666666","100","15","true","197.56666666666666","88","0","true"
"197.6","100","15","true","197.6","88","0","true"
"197.63333333333333","100","15","true","197.63333333333333","88","0","true"
"197.66666666666666","100","15","true","197.66666666666666","88","0","true"
"197.7","100","15","true","197.7","88","0","true"
"197.73333333333332","100","15","true","197.73333333333332","88","0","true"
"197.76666666666668","100","15","true","197.76666666666668","88","0","true"
"197.8","100","15","true","197.8","88","0","true"
"197.83333333333334","100","15","true","197.83333333333334","88","0","true"
"197.86666666666667","100","15","true","197.86666666666667","88","0","true"
"197.9","100","15","true","197.9","88","0","true"
"197.93333333333334","100","15","true","197.93333333333334","88","0","true"
"197.96666666666667","100","15","true","197.96666666666667","88","0","true"
"198","100","15","true","198","88","0","true"
"198.03333333333333","100","15","true","198.03333333333333","88","0","true"
"198.06666666666666","100","15","true","198.06666666666666","88","0","true"
"198.1","100","15","true","198.1","88","0","true"
"198.13333333333333","100","15","true","198.13333333333333","88","0","true"
"198.16666666666666","100","15","true","198.16666666666666","88","0","true"
"198.2","100","15","true","198.2","88","0","true"
"198.23333333333332","100","15","true","198.23333333333332","88","0","true"
"198.26666666666668","100","15","true","198.26666666666668","88","0","true"
"198.3","100","15","true","198.3","88","0","true"
"198.33333333333334","100","15","true","198.33333333333334","88","0","true"
"198.36666666666667","100","15","true","198.36666666666667","88","0","true"
"198.4","100","15","true","198.4","88","0","true"
"198.43333333333334","100","15","true","198.43333333333334","88","0","true"
"198.46666666666667","100","15","true","198.46666666666667","88","0","true"
"198.5","100","15","true","198.5","88","0","true"
"198.53333333333333","100","15","true","198.53333333333333","88","0","true"
"198.56666666666666","100","15","true","198.56666666666666","88","0","true"
"198.6","100","15","true","198.6","88","0","true"
"198.63333333333333","100","15","true","198.63333333333333","88","0","true"
"198.66666666666666","100","15","true","198.66666666666666","88","0","true"
"198.7","100","15","true","198.7","88","0","true"
"198.73333333333332","100","15","true","198.73333333333332","88","0","true"
"198.76666666666668","100","15","true","198.76666666666668","88","0","true"
"198.8","100","15","true","198.8","88","0","true"
"198.83333333333334","100","15","true","198.83333333333334","88","0","true"
"198.86666666666667","100","15","true","198.86666666666667","88","0","true"
"198.9","100","15","true","198.9","88","0","true"
"198.93333333333334","100","15","true","198.93333333333334","88","0","true"
"198.96666666666667","100","15","true","198.96666666666667","88","0","true"
"199","100","15","true","199","88","0","true"
"199.03333333333333","100","15","true","199.03333333333333","88","0","true"
"199.06666666666666","100","15","true","199.06666666666666","88","0","true"
"199.1","100","15","true","199.1","88","0","true"
"199.13333333333333","100","15","true","199.13333333333333","88","0","true"
"199.16666666666666","100","15","true","199.16666666666666","88","0","true"
"199.2","100","15","true","199.2","88","0","true"
"199.23333333333332","100","15","true","199.23333333333332","88","0","true"
"199.26666666666668","100","15","true","199.26666666666668","88","0","true"
"199.3","100","15","true","199.3","88","0","true"
"199.33333333333334","100","15","true","199.33333333333334","88","0","true"
"199.36666666666667","100","15","true","199.36666666666667","88","0","true"
"199.4","100","15","true","199.4","88","0","true"
"199.43333333333334","100","15","true","199.43333333333334","88","0","true"
"199.46666666666667","100","15","true","199.46666666666667","88","0","true"
"199.5","100","15","true","199.5","88","0","true"
"199.53333333333333","100","15","true","199.53333333333333","88","0","true"
"199.56666666666666","100","15","true","199.56666666666666","88","0","true"
"199.6","100","15","true","199.6","88","0","true"
"199.63333333333333","100","15","true","199.63333333333333","88","0","true"
"199.66666666666666","100","15","true","199.66666666666666","88","0","true"
"199.7","100","15","true","199.7","88","0","true"
"199.73333333333332","100","15","true","199.73333333333332","88","0","true"
"199.76666666666668","100","15","true","199.76666666666668","88","0","true"
"199.8","100","15","true","199.8","88","0","true"
"199.83333333333334","100","15","true","199.83333333333334","88","0","true"
"199.86666666666667","100","15","true","199.86666666666667","88","0","true"
"199.9","100","15","true","199.9","88","0","true"
"199.93333333333334","100","15","true","199.93333333333334","88","0","true"
"199.96666666666667","100","15","true","199.96666666666667","88","0","true"
"200","100","15","true","200","88","0","true"
"200.03333333333333","100","15","true","200.03333333333333","88","0","true"
"200.06666666666666","100","15","true","200.06666666666666","88","0","true"
"200.1","100","15","true","200.1","88","0","true"
"200.13333333333333","100","15","true","200.13333333333333","88","0","true"
"200.16666666666666","100","15","true","200.16666666666666","88","0","true"
"200.2","100","15","true","200.2","88","0","true"
"200.23333333333332","100","15","true","200.23333333333332","88","0","true"
"200.26666666666668","100","15","true","200.26666666666668","88","0","true"
"200.3","100","15","true","200.3","88","0","true"
"200.33333333333334","100","15","true","200.33333333333334","88","0","true"
"200.36666666666667","100","15","true","200.36666666666667","88","0","true"
"200.4","100","15","true","200.4","88","0","true"
"200.43333333333334","100","15","true","200.43333333333334","88","0","true"
"200.46666666666667","100","15","true","200.46666666666667","88","0","true"
"200.5","100","15","true","200.5","88","0","true"
"200.53333333333333","100","15","true","200.53333333333333","88","0","true"
"200.56666666666666","100","15","true","200.56666666666666","88","0","true"
"200.6","100","15","true","200.6","88","0","true"
"200.63333333333333","100","15","true","200.63333333333333","88","0","true"
"200.66666666666666","100","15","true","200.66666666666666","88","0","true"
"200.7","100","15","true","200.7","88","0","true"
"200.73333333333332","100","15","true","200.73333333333332","88","0","true"
"200.76666666666668","100","15","true","200.76666666666668","88","0","true"
"200.8","100","15","true","200.8","88","0","true"
"200.83333333333334","100","15","true","200.83333333333334","88","0","true"
"200.86666666666667","100","15","true","200.86666666666667","88","0","true"
"200.9","100","15","true","200.9","88","0","true"
"200.93333333333334","100","15","true","200.93333333333334","88","0","true"
"200.96666666666667","100","15","true","200.96666666666667","88","0","true"
"201","100","15","true","201","88","0","true"
"201.03333333333333","100","15","true","201.03333333333333","88","0","true"
"201.06666666666666","100","15","true","201.06666666666666","88","0","true"
"201.1","100","15","true","201.1","88","0","true"
"201.13333333333333","100","15","true","201.13333333333333","88","0","true"
"201.16666666666666","100","15","true","201.16666666666666","88","0","true"
"201.2","100","15","true","201.2","88","0","true"
"201.23333333333332","100","15","true","201.23333333333332","88","0","true"
"201.26666666666668","100","15","true","201.26666666666668","88","0","true"
"201.3","100","15","true","201.3","88","0","true"
"201.33333333333334","100","15","true","201.33333333333334","88","0","true"
"201.36666666666667","100","15","true","201.36666666666667","88","0","true"
"201.4","100","15","true","201.4","88","0","true"
"201.43333333333334","100","15","true","201.43333333333334","88","0","true"
"201.46666666666667","100","15","true","201.46666666666667","88","0","true"
"201.5","100","15","true","201.5","88","0","true"
"201.53333333333333","100","15","true","201.53333333333333","88","0","true"
"201.56666666666666","100","15","true","201.56666666666666","88","0","true"
"201.6","100","15","true","201.6","88","0","true"
"201.63333333333333","100","15","true","201.63333333333333","88","0","true"
"201.66666666666666","100","15","true","201.66666666666666","88","0","true"
"201.7","100","15","true","201.7","88","0","true"
"201.73333333333332","100","15","true","201.73333333333332","88","0","true"
"201.76666666666668","100","15","true","201.76666666666668","88","0","true"
"201.8","100","15","true","201.8","88","0","true"
"201.83333333333334","100","15","true","201.83333333333334","88","0","true"
"201.86666666666667","100","15","true","201.86666666666667","88","0","true"
"201.9","100","15","true","201.9","88","0","true"
"201.93333333333334","100","15","true","201.93333333333334","88","0","true"
"201.96666666666667","100","15","true","201.96666666666667","88","0","true"
"202","100","15","true","202","88","0","true"
"202.03333333333333","100","15","true","202.03333333333333","88","0","true"
"202.06666666666666","100","15","true","202.06666666666666","88","0","true"
"202.1","100","15","true","202.1","88","0","true"
"202.13333333333333","100","15","true","202.13333333333333","88","0","true"
"202.16666666666666","100","15","true","202.16666666666666","88","0","true"
"202.2","100","15","true","202.2","88","0","true"
"202.23333333333332","100","15","true","202.23333333333332","88","0","true"
"202.26666666666668","100","15","true","202.26666666666668","88","0","true"
"202.3","100","15","true","202.3","88","0","true"
"202.33333333333334","100","15","true","202.33333333333334","88","0","true"
"202.36666666666667","100","15","true","202.36666666666667","88","0","true"
"202.4","100","15","true","202.4","88","0","true"
"202.43333333333334","100","15","true","202.43333333333334","88","0","true"
"202.46666666666667","100","15","true","202.46666666666667","88","0","true"
"202.5","100","15","true","202.5","88","0","true"
"202.53333333333333","100","15","true","202.53333333333333","88","0","true"
"202.56666666666666","100","15","true","202.56666666666666","88","0","true"
"202.6","100","15","true","202.6","88","0","true"
"202.63333333333333","100","15","true","202.63333333333333","88","0","true"
"202.66666666666666","100","15","true","202.66666666666666","88","0","true"
"202.7","100","15","true","202.7","88","0","true"
"202.73333333333332","100","15","true","202.73333333333332","88","0","true"
"202.76666666666668","100","15","true","202.76666666666668","88","0","true"
"202.8","100","15","true","202.8","88","0","true"
"202.83333333333334","100","15","true","202.83333333333334","88","0","true"
"202.86666666666667","100","15","true","202.86666666666667","88","0","true"
"202.9","100","15","true","202.9","88","0","true"
"202.93333333333334","100","15","true","202.93333333333334","88","0","true"
"202.96666666666667","100","15","true","202.96666666666667","88","0","true"
"203","100","15","true","203","88","0","true"
"203.03333333333333","100","15","true","203.03333333333333","88","0","true"
"203.06666666666666","100","15","true","203.06666666666666","88","0","true"
"203.1","100","15","true","203.1","88","0","true"
"203.13333333333333","100","15","true","203.13333333333333","88","0","true"
"203.16666666666666","100","15","true","203.16666666666666","88","0","true"
"203.2","100","15","true","203.2","88","0","true"
"203.23333333333332","100","15","true","203.23333333333332","88","0","true"
"203.26666666666668","100","15","true","203.26666666666668","88","0","true"
"203.3","100","15","true","203.3","88","0","true"
"203.33333333333334","100","15","true","203.33333333333334","88","0","true"
"203.36666666666667","100","15","true","203.36666666666667","88","0","true"
"203.4","100","15","true","203.4","88","0","true"
"203.43333333333334","100","15","true","203.43333333333334","88","0","true"
"203.46666666666667","100","15","true","203.46666666666667","88","0","true"
"203.5","100","15","true","203.5","88","0","true"
"203.53333333333333","100","15","true","203.53333333333333","88","0","true"
"203.56666666666666","100","15","true","203.56666666666666","88","0","true"
"203.6","100","15","true","203.6","88","0","true"
"203.63333333333333","100","15","true","203.63333333333333","88","0","true"
"203.66666666666666","100","15","true","203.66666666666666","88","0","true"
"203.7","100","15","true","203.7","88","0","true"
"203.73333333333332","100","15","true","203.73333333333332","88","0","true"
"203.76666666666668","100","15","true","203.76666666666668","88","0","true"
"203.8","100","15","true","203.8","88","0","true"
"203.83333333333334","100","15","true","203.83333333333334","88","0","true"
"203.86666666666667","100","15","true","203.86666666666667","88","0","true"
"203.9","100","15","true","203.9","88","0","true"
"203.93333333333334","100","15","true","203.93333333333334","88","0","true"
"203.96666666666667","100","15","true","203.96666666666667","88","0","true"
"204","100","15","true","204","88","0","true"
"204.03333333333333","100","15","true","204.03333333333333","88","0","true"
"204.06666666666666","100","15","true","204.06666666666666","88","0","true"
"204.1","100","15","true","204.1","88","0","true"
"204.13333333333333","100","15","true","204.13333333333333","88","0","true"
"204.16666666666666","100","15","true","204.16666666666666","88","0","true"
"204.2","100","15","true","204.2","88","0","true"
"204.23333333333332","100","15","true","204.23333333333332","88","0","true"
"204.26666666666668","100","15","true","204.26666666666668","88","0","true"
"204.3","100","15","true","204.3","88","0","true"
"204.33333333333334","100","15","true","204.33333333333334","88","0","true"
"204.36666666666667","100","15","true","204.36666666666667","88","0","true"
"204.4","100","15","true","204.4","88","0","true"
"204.43333333333334","100","15","true","204.43333333333334","88","0","true"
"204.46666666666667","100","15","true","204.46666666666667","88","0","true"
"204.5","100","15","true","204.5","88","0","true"
"204.53333333333333","100","15","true","204.53333333333333","88","0","true"
"204.56666666666666","100","15","true","204.56666666666666","88","0","true"
"204.6","100","15","true","204.6","88","0","true"
"204.63333333333333","100","15","true","204.63333333333333","88","0","true"
"204.66666666666666","100","15","true","204.66666666666666","88","0","true"
"204.7","100","15","true","204.7","88","0","true"
"204.73333333333332","100","15","true","204.73333333333332","88","0","true"
"204.76666666666668","100","15","true","204.76666666666668","88","0","true"
"204.8","100","15","true","204.8","88","0","true"
"204.83333333333334","100","15","true","204.83333333333334","88","0","true"
"204.86666666666667","100","15","true","204.86666666666667","88","0","true"
"204.9","100","15","true","204.9","88","0","true"
"204.93333333333334","100","15","true","204.93333333333334","88","0","true"
"204.96666666666667","100","15","true","204.96666666666667","88","0","true"
"205","100","15","true","205","88","0","true"
"205.03333333333333","100","15","true","205.03333333333333","88","0","true"
"205.06666666666666","100","15","true","205.06666666666666","88","0","true"
"205.1","100","15","true","205.1","88","0","true"
"205.13333333333333","100","15","true","205.13333333333333","88","0","true"
"205.16666666666666","100","15","true","205.16666666666666","88","0","true"
"205.2","100","15","true","205.2","88","0","true"
"205.23333333333332","100","15","true","205.23333333333332","88","0","true"
"205.26666666666668","100","15","true","205.26666666666668","88","0","true"
"205.3","100","15","true","205.3","88","0","true"
"205.33333333333334","100","15","true","205.33333333333334","88","0","true"
"205.36666666666667","100","15","true","205.36666666666667","88","0","true"
"205.4","100","15","true","205.4","88","0","true"
"205.43333333333334","100","15","true","205.43333333333334","88","0","true"
"205.46666666666667","100","15","true","205.46666666666667","88","0","true"
"205.5","100","15","true","205.5","88","0","true"
"205.53333333333333","100","15","true","205.53333333333333","88","0","true"
"205.56666666666666","100","15","true","205.56666666666666","88","0","true"
"205.6","100","15","true","205.6","88","0","true"
"205.63333333333333","100","15","true","205.63333333333333","88","0","true"
"205.66666666666666","100","15","true","205.66666666666666","88","0","true"
"205.7","100","15","true","205.7","88","0","true"
"205.73333333333332","100","15","true","205.73333333333332","88","0","true"
"205.76666666666668","100","15","true","205.76666666666668","88","0","true"
"205.8","100","15","true","205.8","88","0","true"
"205.83333333333334","100","15","true","205.83333333333334","88","0","true"
"205.86666666666667","100","15","true","205.86666666666667","88","0","true"
"205.9","100","15","true","205.9","88","0","true"
"205.93333333333334","100","15","true","205.93333333333334","88","0","true"
"205.96666666666667","100","15","true","205.96666666666667","88","0","true"
"206","100","15","true","206","88","0","true"
"206.03333333333333","100","15","true","206.03333333333333","88","0","true"
"206.06666666666666","100","15","true","206.06666666666666","92","0","true"
"206.1","100","15","true","206.1","92","0","true"
"206.13333333333333","100","15","true","206.13333333333333","92","0","true"
"206.16666666666666","100","15","true","206.16666666666666","92","0","true"
"206.2","100","15","true","206.2","92","0","true"
"206.23333333333332","100","15","true","206.23333333333332","92","0","true"
"206.26666666666668","100","15","true","206.26666666666668","92","0","true"
"206.3","100","15","true","206.3","92","0","true"
"206.33333333333334","100","15","true","206.33333333333334","92","0","true"
"206.36666666666667","100","15","true","206.36666666666667","92","0","true"
"206.4","100","15","true","206.4","92","0","true"
"206.43333333333334","100","15","true","206.43333333333334","92","0","true"
"206.46666666666667","100","15","true","206.46666666666667","92","0","true"
"206.5","100","15","true","206.5","92","0","true"
"206.53333333333333","100","15","true","206.53333333333333","92","0","true"
"206.56666666666666","100","15","true","206.56666666666666","92","0","true"
"206.6","100","15","true","206.6","92","0","true"
"206.63333333333333","100","15","true","206.63333333333333","92","0","true"
"206.66666666666666","100","15","true","206.66666666666666","92","0","true"
"206.7","100","15","true","206.7","92","0","true"
"206.73333333333332","100","15","true","206.73333333333332","92","0","true"
"206.76666666666668","100","15","true","206.76666666666668","92","0","true"
"206.8","100","15","true","206.8","92","0","true"
"206.83333333333334","100","15","true","206.83333333333334","92","0","true"
"206.86666666666667","100","15","true","206.86666666666667","92","0","true"
"206.9","100","15","true","206.9","92","0","true"
"206.93333333333334","100","15","true","206.93333333333334","92","0","true"
"206.96666666666667","100","15","true","206.96666666666667","92","0","true"
"207","100","15","true","207","92","0","true"
"207.03333333333333","100","15","true","207.03333333333333","92","0","true"
"207.06666666666666","100","15","true","207.06666666666666","92","0","true"
"207.1","100","15","true","207.1","92","0","true"
"207.13333333333333","100","15","true","207.13333333333333","92","0","true"
"207.16666666666666","100","15","true","207.16666666666666","92","0","true"
"207.2","100","15","true","207.2","92","0","true"
"207.23333333333332","100","15","true","207.23333333333332","92","0","true"
"207.26666666666668","100","15","true","207.26666666666668","92","0","true"
"207.3","100","15","true","207.3","92","0","true"
"207.33333333333334","100","15","true","207.33333333333334","92","0","true"
"207.36666666666667","100","15","true","207.36666666666667","92","0","true"
"207.4","100","15","true","207.4","92","0","true"
"207.43333333333334","100","15","true","207.43333333333334","92","0","true"
"207.46666666666667","100","15","true","207.46666666666667","92","0","true"
"207.5","100","15","true","207.5","92","0","true"
"207.53333333333333","100","15","true","207.53333333333333","92","0","true"
"207.56666666666666","100","15","true","207.56666666666666","92","0","true"
"207.6","100","15","true","207.6","92","0","true"
"207.63333333333333","100","15","true","207.63333333333333","92","0","true"
"207.66666666666666","100","15","true","207.66666666666666","92","0","true"
"207.7","100","15","true","207.7","92","0","true"
"207.73333333333332","100","15","true","207.73333333333332","92","0","true"
"207.76666666666668","100","15","true","207.76666666666668","92","0","true"
"207.8","100","15","true","207.8","92","0","true"
"207.83333333333334","100","15","true","207.83333333333334","92","0","true"
"207.86666666666667","100","15","true","207.86666666666667","92","0","true"
"207.9","100","15","true","207.9","92","0","true"
"207.93333333333334","100","15","true","207.93333333333334","92","0","true"
"207.96666666666667","100","15","true","207.96666666666667","92","0","true"
"208","100","15","true","208","92","0","true"
"208.03333333333333","100","15","true","208.03333333333333","92","0","true"
"208.06666666666666","100","15","true","208.06666666666666","92","0","true"
"208.1","100","15","true","208.1","92","0","true"
"208.13333333333333","100","15","true","208.13333333333333","92","0","true"
"208.16666666666666","100","15","true","208.16666666666666","92","0","true"
"208.2","100","15","true","208.2","92","0","true"
"208.23333333333332","100","15","true","208.23333333333332","92","0","true"
"208.26666666666668","100","15","true","208.26666666666668","92","0","true"
"208.3","100","15","true","208.3","92","0","true"
"208.33333333333334","100","15","true","208.33333333333334","92","0","true"
"208.36666666666667","100","15","true","208.36666666666667","92","0","true"
"208.4","100","15","true","208.4","92","0","true"
"208.43333333333334","100","15","true","208.43333333333334","92","0","true"
"208.46666666666667","100","15","true","208.46666666666667","92","0","true"
"208.5","100","15","true","208.5","92","0","true"
"208.53333333333333","100","15","true","208.53333333333333","92","0","true"
"208.56666666666666","100","15","true","208.56666666666666","92","0","true"
"208.6","100","15","true","208.6","92","0","true"
"208.63333333333333","100","15","true","208.63333333333333","92","0","true"
"208.66666666666666","100","15","true","208.66666666666666","92","0","true"
"208.7","100","15","true","208.7","92","0","true"
"208.73333333333332","100","15","true","208.73333333333332","92","0","true"
"208.76666666666668","100","15","true","208.76666666666668","92","0","true"
"208.8","100","15","true","208.8","92","0","true"
"208.83333333333334","100","15","true","208.83333333333334","92","0","true"
"208.86666666666667","100","15","true","208.86666666666667","92","0","true"
"208.9","100","15","true","208.9","92","0","true"
"208.93333333333334","100","15","true","208.93333333333334","92","0","true"
"208.96666666666667","100","15","true","208.96666666666667","92","0","true"
"209","100","15","true","209","92","0","true"
"209.03333333333333","100","15","true","209.03333333333333","92","0","true"
"209.06666666666666","100","15","true","209.06666666666666","92","0","true"
"209.1","100","15","true","209.1","92","0","true"
"209.13333333333333","100","15","true","209.13333333333333","92","0","true"
"209.16666666666666","100","15","true","209.16666666666666","92","0","true"
"209.2","100","15","true","209.2","92","0","true"
"209.23333333333332","100","15","true","209.23333333333332","92","0","true"
"209.26666666666668","100","15","true","209.26666666666668","92","0","true"
"209.3","100","15","true","209.3","92","0","true"
"209.33333333333334","100","15","true","209.33333333333334","92","0","true"
"209.36666666666667","100","15","true","209.36666666666667","92","0","true"
"209.4","100","15","true","209.4","92","0","true"
"209.43333333333334","100","15","true","209.43333333333334","92","0","true"
"209.46666666666667","100","15","true","209.46666666666667","92","0","true"
"209.5","100","15","true","209.5","92","0","true"
"209.53333333333333","100","15","true","209.53333333333333","92","0","true"
"209.56666666666666","100","15","true","209.56666666666666","92","0","true"
"209.6","100","15","true","209.6","92","0","true"
"209.63333333333333","100","15","true","209.63333333333333","92","0","true"
"209.66666666666666","100","15","true","209.66666666666666","92","0","true"
"209.7","100","15","true","209.7","92","0","true"
"209.73333333333332","100","15","true","209.73333333333332","92","0","true"
"209.76666666666668","100","15","true","209.76666666666668","92","0","true"
"209.8","100","15","true","209.8","92","0","true"
"209.83333333333334","100","15","true","209.83333333333334","92","0","true"
"209.86666666666667","100","15","true","209.86666666666667","92","0","true"
"209.9","100","15","true","209.9","92","0","true"
"209.93333333333334","100","15","true","209.93333333333334","92","0","true"
"209.96666666666667","100","15","true","209.96666666666667","92","0","true"
"210","100","15","true","210","92","0","true"
"210.03333333333333","100","15","true","210.03333333333333","92","0","true"
"210.06666666666666","100","15","true","210.06666666666666","92","0","true"
"210.1","100","15","true","210.1","92","0","true"
"210.13333333333333","100","15","true","210.13333333333333","92","0","true"
"210.16666666666666","100","15","true","210.16666666666666","92","0","true"
"210.2","100","15","true","210.2","92","0","true"
"210.23333333333332","100","15","true","210.23333333333332","92","0","true"
"210.26666666666668","100","15","true","210.26666666666668","92","0","true"
"210.3","100","15","true","210.3","92","0","true"
"210.33333333333334","100","15","true","210.33333333333334","92","0","true"
"210.36666666666667","100","15","true","210.36666666666667","92","0","true"
"210.4","100","15","true","210.4","92","0","true"
"210.43333333333334","100","15","true","210.43333333333334","92","0","true"
"210.46666666666667","100","15","true","210.46666666666667","92","0","true"
"210.5","100","15","true","210.5","92","0","true"
"210.53333333333333","100","15","true","210.53333333333333","92","0","true"
"210.56666666666666","100","15","true","210.56666666666666","92","0","true"
"210.6","100","15","true","210.6","92","0","true"
"210.63333333333333","100","15","true","210.63333333333333","92","0","true"
"210.66666666666666","100","15","true","210.66666666666666","92","0","true"
"210.7","100","15","true","210.7","92","0","true"
"210.73333333333332","100","15","true","210.73333333333332","92","0","true"
"210.76666666666668","100","15","true","210.76666666666668","92","0","true"
"210.8","100","15","true","210.8","92","0","true"
"210.83333333333334","100","15","true","210.83333333333334","92","0","true"
"210.86666666666667","100","15","true","210.86666666666667","92","0","true"
"210.9","100","15","true","210.9","92","0","true"
"210.93333333333334","100","15","true","210.93333333333334","92","0","true"
"210.96666666666667","100","15","true","210.96666666666667","92","0","true"
"211","100","15","true","211","92","0","true"
"211.03333333333333","100","15","true","211.03333333333333","92","0","true"
"211.06666666666666","100","15","true","211.06666666666666","92","0","true"
"211.1","100","15","true","211.1","92","0","true"
"211.13333333333333","100","15","true","211.13333333333333","92","0","true"
"211.16666666666666","100","15","true","211.16666666666666","92","0","true"
"211.2","100","15","true","211.2","92","0","true"
"211.23333333333332","100","15","true","211.23333333333332","92","0","true"
"211.26666666666668","100","15","true","211.26666666666668","92","0","true"
"211.3","100","15","true","211.3","92","0","true"
"211.33333333333334","100","15","true","211.33333333333334","92","0","true"
"211.36666666666667","100","15","true","211.36666666666667","92","0","true"
"211.4","100","15","true","211.4","92","0","true"
"211.43333333333334","100","15","true","211.43333333333334","92","0","true"
"211.46666666666667","100","15","true","211.46666666666667","92","0","true"
"211.5","100","15","true","211.5","92","0","true"
"211.53333333333333","100","15","true","211.53333333333333","92","0","true"
"211.56666666666666","100","15","true","211.56666666666666","92","0","true"
"211.6","100","15","true","211.6","92","0","true"
"211.63333333333333","100","15","true","211.63333333333333","92","0","true"
"211.66666666666666","100","15","true","211.66666666666666","92","0","true"
"211.7","100","15","true","211.7","92","0","true"
"211.73333333333332","100","15","true","211.73333333333332","92","0","true"
"211.76666666666668","100","15","true","211.76666666666668","92","0","true"
"211.8","100","15","true","211.8","92","0","true"
"211.83333333333334","100","15","true","211.83333333333334","92","0","true"
"211.86666666666667","100","15","true","211.86666666666667","92","0","true"
"211.9","100","15","true","211.9","92","0","true"
"211.93333333333334","100","15","true","211.93333333333334","92","0","true"
"211.96666666666667","100","15","true","211.96666666666667","92","0","true"
"212","100","15","true","212","92","0","true"
"212.03333333333333","100","15","true","212.03333333333333","92","0","true"
"212.06666666666666","100","15","true","212.06666666666666","92","0","true"
"212.1","100","15","true","212.1","92","0","true"
"212.13333333333333","100","15","true","212.13333333333333","92","0","true"
"212.16666666666666","100","15","true","212.16666666666666","92","0","true"
"212.2","100","15","true","212.2","92","0","true"
"212.23333333333332","100","15","true","212.23333333333332","92","0","true"
"212.26666666666668","100","15","true","212.26666666666668","92","0","true"
"212.3","100","15","true","212.3","92","0","true"
"212.33333333333334","100","15","true","212.33333333333334","92","0","true"
"212.36666666666667","100","15","true","212.36666666666667","92","0","true"
"212.4","100","15","true","212.4","92","0","true"
"212.43333333333334","100","15","true","212.43333333333334","92","0","true"
"212.46666666666667","100","15","true","212.46666666666667","92","0","true"
"212.5","100","15","true","212.5","92","0","true"
"212.53333333333333","100","15","true","212.53333333333333","92","0","true"
"212.56666666666666","100","15","true","212.56666666666666","92","0","true"
"212.6","100","15","true","212.6","92","0","true"
"212.63333333333333","100","15","true","212.63333333333333","92","0","true"
"212.66666666666666","100","15","true","212.66666666666666","92","0","true"
"212.7","100","15","true","212.7","92","0","true"
"212.73333333333332","100","15","true","212.73333333333332","92","0","true"
"212.76666666666668","100","15","true","212.76666666666668","92","0","true"
"212.8","100","15","true","212.8","92","0","true"
"212.83333333333334","100","15","true","212.83333333333334","92","0","true"
"212.86666666666667","100","15","true","212.86666666666667","92","0","true"
"212.9","100","15","true","212.9","92","0","true"
"212.93333333333334","100","15","true","212.93333333333334","92","0","true"
"212.96666666666667","100","15","true","212.96666666666667","92","0","true"
"213","100","15","true","213","92","0","true"
"213.03333333333333","100","15","true","213.03333333333333","92","0","true"
"213.06666666666666","100","15","true","213.06666666666666","92","0","true"
"213.1","100","15","true","213.1","92","0","true"
"213.13333333333333","100","15","true","213.13333333333333","92","0","true"
"213.16666666666666","100","15","true","213.16666666666666","92","0","true"
"213.2","100","15","true","213.2","92","0","true"
"213.23333333333332","100","15","true","213.23333333333332","92","0","true"
"213.26666666666668","100","15","true","213.26666666666668","92","0","true"
"213.3","100","15","true","213.3","92","0","true"
"213.33333333333334","100","15","true","213.33333333333334","92","0","true"
"213.36666666666667","100","15","true","213.36666666666667","92","0","true"
"213.4","100","15","true","213.4","92","0","true"
"213.43333333333334","100","15","true","213.43333333333334","92","0","true"
"213.46666666666667","100","15","true","213.46666666666667","92","0","true"
"213.5","100","15","true","213.5","92","0","true"
"213.53333333333333","100","15","true","213.53333333333333","92","0","true"
"213.56666666666666","100","15","true","213.56666666666666","92","0","true"
"213.6","100","15","true","213.6","92","0","true"
"213.63333333333333","100","15","true","213.63333333333333","92","0","true"
"213.66666666666666","100","15","true","213.66666666666666","92","0","true"
"213.7","100","15","true","213.7","92","0","true"
"213.73333333333332","100","15","true","213.73333333333332","92","0","true"
"213.76666666666668","100","15","true","213.76666666666668","92","0","true"
"213.8","100","15","true","213.8","92","0","true"
"213.83333333333334","100","15","true","213.83333333333334","92","0","true"
"213.86666666666667","100","15","true","213.86666666666667","92","0","true"
"213.9","100","15","true","213.9","92","0","true"
"213.93333333333334","100","15","true","213.93333333333334","92","0","true"
"213.96666666666667","100","15","true","213.96666666666667","92","0","true"
"214","100","15","true","214","92","0","true"
"214.03333333333333","100","15","true","214.03333333333333","92","0","true"
"214.06666666666666","100","15","true","214.06666666666666","92","0","true"
"214.1","100","15","true","214.1","92","0","true"
"214.13333333333333","100","15","true","214.13333333333333","92","0","true"
"214.16666666666666","100","15","true","214.16666666666666","92","0","true"
"214.2","100","15","true","214.2","92","0","true"
"214.23333333333332","100","15","true","214.23333333333332","92","0","true"
"214.26666666666668","100","15","true","214.26666666666668","92","0","true"
"214.3","100","15","true","214.3","92","0","true"
"214.33333333333334","100","15","true","214.33333333333334","92","0","true"
"214.36666666666667","100","15","true","214.36666666666667","92","0","true"
"214.4","100","15","true","214.4","92","0","true"
"214.43333333333334","100","15","true","214.43333333333334","92","0","true"
"214.46666666666667","100","15","true","214.46666666666667","92","0","true"
"214.5","100","15","true","214.5","92","0","true"
"214.53333333333333","100","15","true","214.53333333333333","92","0","true"
"214.56666666666666","100","15","true","214.56666666666666","92","0","true"
"214.6","100","15","true","214.6","92","0","true"
"214.63333333333333","100","15","true","214.63333333333333","92","0","true"
"214.66666666666666","100","15","true","214.66666666666666","92","0","true"
"214.7","100","15","true","214.7","92","0","true"
"214.73333333333332","100","15","true","214.73333333333332","92","0","true"
"214.76666666666668","100","15","true","214.76666666666668","92","0","true"
"214.8","100","15","true","214.8","92","0","true"
"214.83333333333334","100","15","true","214.83333333333334","92","0","true"
"214.86666666666667","100","15","true","214.86666666666667","92","0","true"
"214.9","100","15","true","214.9","92","0","true"
"214.93333333333334","100","15","true","214.93333333333334","92","0","true"
"214.96666666666667","100","15","true","214.96666666666667","92","0","true"
"215","100","15","true","215","92","0","true"
"215.03333333333333","100","15","true","215.03333333333333","92","0","true"
"215.06666666666666","100","15","true","215.06666666666666","92","0","true"
"215.1","100","15","true","215.1","92","0","true"
"215.13333333333333","100","15","true","215.13333333333333","92","0","true"
"215.16666666666666","100","15","true","215.16666666666666","92","0","true"
"215.2","100","15","true","215.2","92","0","true"
"215.23333333333332","100","15","true","215.23333333333332","92","0","true"
"215.26666666666668","100","15","true","215.26666666666668","92","0","true"
"215.3","100","15","true","215.3","92","0","true"
"215.33333333333334","100","15","true","215.33333333333334","92","0","true"
"215.36666666666667","100","15","true","215.36666666666667","92","0","true"
"215.4","100","15","true","215.4","92","0","true"
"215.43333333333334","100","15","true","215.43333333333334","92","0","true"
"215.46666666666667","100","15","true","215.46666666666667","92","0","true"
"215.5","100","15","true","215.5","92","0","true"
"215.53333333333333","100","15","true","215.53333333333333","92","0","true"
"215.56666666666666","100","15","true","215.56666666666666","92","0","true"
"215.6","100","15","true","215.6","92","0","true"
"215.63333333333333","100","15","true","215.63333333333333","92","0","true"
"215.66666666666666","100","15","true","215.66666666666666","92","0","true"
"215.7","100","15","true","215.7","92","0","true"
"215.73333333333332","100","15","true","215.73333333333332","92","0","true"
"215.76666666666668","100","15","true","215.76666666666668","92","0","true"
"215.8","100","15","true","215.8","92","0","true"
"215.83333333333334","100","15","true","215.83333333333334","92","0","true"
"215.86666666666667","100","15","true","215.86666666666667","92","0","true"
"215.9","100","15","true","215.9","92","0","true"
"215.93333333333334","100","15","true","215.93333333333334","92","0","true"
"215.96666666666667","100","15","true","215.96666666666667","92","0","true"
"216","100","15","true","216","92","0","true"
"216.03333333333333","100","15","true","216.03333333333333","92","0","true"
"216.06666666666666","100","15","true","216.06666666666666","92","0","true"
"216.1","100","15","true","216.1","92","0","true"
"216.13333333333333","100","15","true","216.13333333333333","92","0","true"
"216.16666666666666","100","15","true","216.16666666666666","92","0","true"
"216.2","100","15","true","216.2","92","0","true"
"216.23333333333332","100","15","true","216.23333333333332","92","0","true"
"216.26666666666668","100","15","true","216.26666666666668","92","0","true"
"216.3","100","15","true","216.3","92","0","true"
"216.33333333333334","100","15","true","216.33333333333334","92","0","true"
"216.36666666666667","100","15","true","216.36666666666667","92","0","true"
"216.4","100","15","true","216.4","92","0","true"
"216.43333333333334","100","15","true","216.43333333333334","92","0","true"
"216.46666666666667","100","15","true","216.46666666666667","92","0","true"
"216.5","100","15","true","216.5","92","0","true"
"216.53333333333333","100","15","true","216.53333333333333","92","0","true"
"216.56666666666666","100","15","true","216.56666666666666","92","0","true"
"216.6","100","15","true","216.6","92","0","true"
"216.63333333333333","100","15","true","216.63333333333333","92","0","true"
"216.66666666666666","100","15","true","216.66666666666666","92","0","true"
"216.7","100","15","true","216.7","92","0","true"
"216.73333333333332","100","15","true","216.73333333333332","92","0","true"
"216.76666666666668","100","15","true","216.76666666666668","92","0","true"
"216.8","100","15","true","216.8","92","0","true"
"216.83333333333334","100","15","true","216.83333333333334","92","0","true"
"216.86666666666667","100","15","true","216.86666666666667","92","0","true"
"216.9","100","15","true","216.9","92","0","true"
"216.93333333333334","100","15","true","216.93333333333334","92","0","true"
"216.96666666666667","100","15","true","216.96666666666667","92","0","true"
"217","100","15","true","217","92","0","true"
"217.03333333333333","100","15","true","217.03333333333333","92","0","true"
"217.06666666666666","100","15","true","217.06666666666666","92","0","true"
"217.1","100","15","true","217.1","92","0","true"
"217.13333333333333","100","15","true","217.13333333333333","92","0","true"
"217.16666666666666","100","15","true","217.16666666666666","92","0","true"
"217.2","100","15","true","217.2","92","0","true"
"217.23333333333332","100","15","true","217.23333333333332","92","0","true"
"217.26666666666668","100","15","true","217.26666666666668","92","0","true"
"217.3","100","15","true","217.3","92","0","true"
"217.33333333333334","100","15","true","217.33333333333334","92","0","true"
"217.36666666666667","100","15","true","217.36666666666667","92","0","true"
"217.4","100","15","true","217.4","92","0","true"
"217.43333333333334","100","15","true","217.43333333333334","92","0","true"
"217.46666666666667","100","15","true","217.46666666666667","92","0","true"
"217.5","100","15","true","217.5","92","0","true"
"217.53333333333333","100","15","true","217.53333333333333","92","0","true"
"217.56666666666666","100","15","true","217.56666666666666","92","0","true"
"217.6","100","15","true","217.6","92","0","true"
"217.63333333333333","100","15","true","217.63333333333333","92","0","true"
"217.66666666666666","100","15","true","217.66666666666666","92","0","true"
"217.7","100","15","true","217.7","92","0","true"
"217.73333333333332","100","15","true","217.73333333333332","92","0","true"
"217.76666666666668","100","15","true","217.76666666666668","92","0","true"
"217.8","100","15","true","217.8","92","0","true"
"217.83333333333334","100","15","true","217.83333333333334","92","0","true"
"217.86666666666667","100","15","true","217.86666666666667","92","0","true"
"217.9","100","15","true","217.9","92","0","true"
"217.93333333333334","100","15","true","217.93333333333334","92","0","true"
"217.96666666666667","100","15","true","217.96666666666667","92","0","true"
"218","100","15","true","218","92","0","true"
"218.03333333333333","100","15","true","218.03333333333333","92","0","true"
"218.06666666666666","100","15","true","218.06666666666666","92","0","true"
"218.1","100","15","true","218.1","92","0","true"
"218.13333333333333","100","15","true","218.13333333333333","92","0","true"
"218.16666666666666","100","15","true","218.16666666666666","92","0","true"
"218.2","100","15","true","218.2","92","0","true"
"218.23333333333332","100","15","true","218.23333333333332","92","0","true"
"218.26666666666668","100","15","true","218.26666666666668","92","0","true"
"218.3","100","15","true","218.3","92","0","true"
"218.33333333333334","100","15","true","218.33333333333334","92","0","true"
"218.36666666666667","100","15","true","218.36666666666667","92","0","true"
"218.4","100","15","true","218.4","92","0","true"
"218.43333333333334","100","15","true","218.43333333333334","92","0","true"
"218.46666666666667","100","15","true","218.46666666666667","92","0","true"
"218.5","100","15","true","218.5","92","0","true"
"218.53333333333333","100","15","true","218.53333333333333","92","0","true"
"218.56666666666666","100","15","true","218.56666666666666","92","0","true"
"218.6","100","15","true","218.6","92","0","true"
"218.63333333333333","100","15","true","218.63333333333333","92","0","true"
"218.66666666666666","100","15","true","218.66666666666666","92","0","true"
"218.7","100","15","true","218.7","92","0","true"
"218.73333333333332","100","15","true","218.73333333333332","92","0","true"
"218.76666666666668","100","15","true","218.76666666666668","92","0","true"
"218.8","100","15","true","218.8","92","0","true"
"218.83333333333334","100","15","true","218.83333333333334","92","0","true"
"218.86666666666667","100","15","true","218.86666666666667","92","0","true"
"218.9","100","15","true","218.9","92","0","true"
"218.93333333333334","100","15","true","218.93333333333334","92","0","true"
"218.96666666666667","100","15","true","218.96666666666667","92","0","true"
"219","100","15","true","219","92","0","true"
"219.03333333333333","100","15","true","219.03333333333333","92","0","true"
"219.06666666666666","100","15","true","219.06666666666666","92","0","true"
"219.1","100","15","true","219.1","92","0","true"
"219.13333333333333","100","15","true","219.13333333333333","92","0","true"
"219.16666666666666","100","15","true","219.16666666666666","92","0","true"
"219.2","100","15","true","219.2","92","0","true"
"219.23333333333332","100","15","true","219.23333333333332","92","0","true"
"219.26666666666668","100","15","true","219.26666666666668","92","0","true"
"219.3","100","15","true","219.3","92","0","true"
"219.33333333333334","100","15","true","219.33333333333334","92","0","true"
"219.36666666666667","100","15","true","219.36666666666667","92","0","true"
"219.4","100","15","true","219.4","92","0","true"
"219.43333333333334","100","15","true","219.43333333333334","92","0","true"
"219.46666666666667","100","15","true","219.46666666666667","92","0","true"
"219.5","100","15","true","219.5","92","0","true"
"219.53333333333333","100","15","true","219.53333333333333","92","0","true"
"219.56666666666666","100","15","true","219.56666666666666","92","0","true"
"219.6","100","15","true","219.6","92","0","true"
"219.63333333333333","100","15","true","219.63333333333333","92","0","true"
"219.66666666666666","100","15","true","219.66666666666666","92","0","true"
"219.7","100","15","true","219.7","92","0","true"
"219.73333333333332","100","15","true","219.73333333333332","92","0","true"
"219.76666666666668","100","15","true","219.76666666666668","92","0","true"
"219.8","100","15","true","219.8","92","0","true"
"219.83333333333334","100","15","true","219.83333333333334","92","0","true"
"219.86666666666667","100","15","true","219.86666666666667","92","0","true"
"219.9","100","15","true","219.9","92","0","true"
"219.93333333333334","100","15","true","219.93333333333334","92","0","true"
"219.96666666666667","100","15","true","219.96666666666667","92","0","true"
"220","100","15","true","220","92","0","true"
"220.03333333333333","100","15","true","220.03333333333333","92","0","true"
"220.06666666666666","100","15","true","220.06666666666666","92","0","true"
"220.1","100","15","true","220.1","92","0","true"
"220.13333333333333","100","15","true","220.13333333333333","92","0","true"
"220.16666666666666","100","15","true","220.16666666666666","92","0","true"
"220.2","100","15","true","220.2","92","0","true"
"220.23333333333332","100","15","true","220.23333333333332","92","0","true"
"220.26666666666668","100","15","true","220.26666666666668","92","0","true"
"220.3","100","15","true","220.3","92","0","true"
"220.33333333333334","100","15","true","220.33333333333334","92","0","true"
"220.36666666666667","100","15","true","220.36666666666667","92","0","true"
"220.4","100","15","true","220.4","92","0","true"
"220.43333333333334","100","15","true","220.43333333333334","92","0","true"
"220.46666666666667","100","15","true","220.46666666666667","92","0","true"
"220.5","100","15","true","220.5","92","0","true"
"220.53333333333333","100","15","true","220.53333333333333","92","0","true"
"220.56666666666666","100","15","true","220.56666666666666","92","0","true"
"220.6","100","15","true","220.6","92","0","true"
"220.63333333333333","100","15","true","220.63333333333333","92","0","true"
"220.66666666666666","100","15","true","220.66666666666666","92","0","true"
"220.7","100","15","true","220.7","92","0","true"
"220.73333333333332","100","15","true","220.73333333333332","92","0","true"
"220.76666666666668","100","15","true","220.76666666666668","92","0","true"
"220.8","100","15","true","220.8","92","0","true"
"220.83333333333334","100","15","true","220.83333333333334","92","0","true"
"220.86666666666667","100","15","true","220.86666666666667","92","0","true"
"220.9","100","15","true","220.9","92","0","true"
"220.93333333333334","100","15","true","220.93333333333334","92","0","true"
"220.96666666666667","100","15","true","220.96666666666667","92","0","true"
"221","100","15","true","221","92","0","true"
"221.03333333333333","100","15","true","221.03333333333333","92","0","true"
"221.06666666666666","100","15","true","221.06666666666666","92","0","true"
"221.1","100","15","true","221.1","92","0","true"
"221.13333333333333","100","15","true","221.13333333333333","92","0","true"
"221.16666666666666","100","15","true","221.16666666666666","92","0","true"
"221.2","100","15","true","221.2","92","0","true"
"221.23333333333332","100","15","true","221.23333333333332","92","0","true"
"221.26666666666668","100","15","true","221.26666666666668","92","0","true"
"221.3","100","15","true","221.3","92","0","true"
"221.33333333333334","100","15","true","221.33333333333334","92","0","true"
"221.36666666666667","100","15","true","221.36666666666667","92","0","true"
"221.4","100","15","true","221.4","92","0","true"
"221.43333333333334","100","15","true","221.43333333333334","92","0","true"
"221.46666666666667","100","15","true","221.46666666666667","92","0","true"
"221.5","100","15","true","221.5","92","0","true"
"221.53333333333333","100","15","true","221.53333333333333","92","0","true"
"221.56666666666666","100","15","true","221.56666666666666","92","0","true"
"221.6","100","15","true","221.6","92","0","true"
"221.63333333333333","100","15","true","221.63333333333333","92","0","true"
"221.66666666666666","100","15","true","221.66666666666666","92","0","true"
"221.7","100","15","true","221.7","92","0","true"
"221.73333333333332","100","15","true","221.73333333333332","92","0","true"
"221.76666666666668","100","15","true","221.76666666666668","92","0","true"
"221.8","100","15","true","221.8","92","0","true"
"221.83333333333334","100","15","true","221.83333333333334","92","0","true"
"221.86666666666667","100","15","true","221.86666666666667","92","0","true"
"221.9","100","15","true","221.9","92","0","true"
"221.93333333333334","100","15","true","221.93333333333334","92","0","true"
"221.96666666666667","100","15","true","221.96666666666667","92","0","true"
"222","100","15","true","222","92","0","true"
"222.03333333333333","100","15","true","222.03333333333333","92","0","true"
"222.06666666666666","100","15","true","222.06666666666666","92","0","true"
"222.1","100","15","true","222.1","92","0","true"
"222.13333333333333","100","15","true","222.13333333333333","92","0","true"
"222.16666666666666","100","15","true","222.16666666666666","92","0","true"
"222.2","100","15","true","222.2","92","0","true"
"222.23333333333332","100","15","true","222.23333333333332","92","0","true"
"222.26666666666668","100","15","true","222.26666666666668","92","0","true"
"222.3","100","15","true","222.3","92","0","true"
"222.33333333333334","100","15","true","222.33333333333334","92","0","true"
"222.36666666666667","100","15","true","222.36666666666667","92","0","true"
"222.4","100","15","true","222.4","92","0","true"
"222.43333333333334","100","15","true","222.43333333333334","92","0","true"
"222.46666666666667","100","15","true","222.46666666666667","92","0","true"
"222.5","100","15","true","222.5","92","0","true"
"222.53333333333333","100","15","true","222.53333333333333","92","0","true"
"222.56666666666666","100","15","true","222.56666666666666","92","0","true"
"222.6","100","15","true","222.6","92","0","true"
"222.63333333333333","100","15","true","222.63333333333333","92","0","true"
"222.66666666666666","100","15","true","222.66666666666666","92","0","true"
"222.7","100","15","true","222.7","92","0","true"
"222.73333333333332","100","15","true","222.73333333333332","92","0","true"
"222.76666666666668","100","15","true","222.76666666666668","92","0","true"
"222.8","100","15","true","222.8","92","0","true"
"222.83333333333334","100","15","true","222.83333333333334","92","0","true"
"222.86666666666667","100","15","true","222.86666666666667","92","0","true"
"222.9","100","15","true","222.9","92","0","true"
"222.93333333333334","100","15","true","222.93333333333334","92","0","true"
"222.96666666666667","100","15","true","222.96666666666667","92","0","true"
"223","100","15","true","223","92","0","true"
"223.03333333333333","100","15","true","223.03333333333333","92","0","true"
"223.06666666666666","100","15","true","223.06666666666666","92","0","true"
"223.1","100","15","true","223.1","92","0","true"
"223.13333333333333","100","15","true","223.13333333333333","92","0","true"
"223.16666666666666","100","15","true","223.16666666666666","92","0","true"
"223.2","100","15","true","223.2","92","0","true"
"223.23333333333332","100","15","true","223.23333333333332","92","0","true"
"223.26666666666668","100","15","true","223.26666666666668","92","0","true"
"223.3","100","15","true","223.3","92","0","true"
"223.33333333333334","100","15","true","223.33333333333334","92","0","true"
"223.36666666666667","100","15","true","223.36666666666667","92","0","true"
"223.4","100","15","true","223.4","92","0","true"
"223.43333333333334","100","15","true","223.43333333333334","92","0","true"
"223.46666666666667","100","15","true","223.46666666666667","92","0","true"
"223.5","100","15","true","223.5","92","0","true"
"223.53333333333333","100","15","true","223.53333333333333","92","0","true"
"223.56666666666666","100","15","true","223.56666666666666","92","0","true"
"223.6","100","15","true","223.6","92","0","true"
"223.63333333333333","100","15","true","223.63333333333333","92","0","true"
"223.66666666666666","100","15","true","223.66666666666666","92","0","true"
"223.7","100","15","true","223.7","92","0","true"
"223.73333333333332","100","15","true","223.73333333333332","92","0","true"
"223.76666666666668","100","15","true","223.76666666666668","92","0","true"
"223.8","100","15","true","223.8","92","0","true"
"223.83333333333334","100","15","true","223.83333333333334","92","0","true"
"223.86666666666667","100","15","true","223.86666666666667","92","0","true"
"223.9","100","15","true","223.9","92","0","true"
"223.93333333333334","100","15","true","223.93333333333334","92","0","true"
"223.96666666666667","100","15","true","223.96666666666667","92","0","true"
"224","100","15","true","224","92","0","true"
"224.03333333333333","100","15","true","224.03333333333333","92","0","true"
"224.06666666666666","100","15","true","224.06666666666666","92","0","true"
"224.1","100","15","true","224.1","92","0","true"
"224.13333333333333","100","15","true","224.13333333333333","92","0","true"
"224.16666666666666","100","15","true","224.16666666666666","92","0","true"
"224.2","100","15","true","224.2","92","0","true"
"224.23333333333332","100","15","true","224.23333333333332","92","0","true"
"224.26666666666668","100","15","true","224.26666666666668","92","0","true"
"224.3","100","15","true","224.3","92","0","true"
"224.33333333333334","100","15","true","224.33333333333334","92","0","true"
"224.36666666666667","100","15","true","224.36666666666667","92","0","true"
"224.4","100","15","true","224.4","92","0","true"
"224.43333333333334","100","15","true","224.43333333333334","92","0","true"
"224.46666666666667","100","15","true","224.46666666666667","92","0","true"
"224.5","100","15","true","224.5","92","0","true"
"224.53333333333333","100","15","true","224.53333333333333","92","0","true"
"224.56666666666666","100","15","true","224.56666666666666","92","0","true"
"224.6","100","15","true","224.6","92","0","true"
"224.63333333333333","100","15","true","224.63333333333333","92","0","true"
"224.66666666666666","100","15","true","224.66666666666666","92","0","true"
"224.7","100","15","true","224.7","92","0","true"
"224.73333333333332","100","15","true","224.73333333333332","92","0","true"
"224.76666666666668","100","15","true","224.76666666666668","92","0","true"
"224.8","100","15","true","224.8","92","0","true"
"224.83333333333334","100","15","true","224.83333333333334","92","0","true"
"224.86666666666667","100","15","true","224.86666666666667","92","0","true"
"224.9","100","15","true","224.9","92","0","true"
"224.93333333333334","100","15","true","224.93333333333334","92","0","true"
"224.96666666666667","100","15","true","224.96666666666667","92","0","true"
"225","100","15","true","225","92","0","true"
"225.03333333333333","100","15","true","225.03333333333333","92","0","true"
"225.06666666666666","100","15","true","225.06666666666666","92","0","true"
"225.1","100","15","true","225.1","92","0","true"
"225.13333333333333","100","15","true","225.13333333333333","92","0","true"
"225.16666666666666","100","15","true","225.16666666666666","92","0","true"
"225.2","100","15","true","225.2","92","0","true"
"225.23333333333332","100","15","true","225.23333333333332","92","0","true"
"225.26666666666668","100","15","true","225.26666666666668","92","0","true"
"225.3","100","15","true","225.3","92","0","true"
"225.33333333333334","100","15","true","225.33333333333334","92","0","true"
"225.36666666666667","100","15","true","225.36666666666667","92","0","true"
"225.4","100","15","true","225.4","96","0","true"
"225.43333333333334","100","15","true","225.43333333333334","96","0","true"
"225.46666666666667","100","15","true","225.46666666666667","96","0","true"
"225.5","100","15","true","225.5","96","0","true"
"225.53333333333333","100","15","true","225.53333333333333","96","0","true"
"225.56666666666666","100","15","true","225.56666666666666","96","0","true"
"225.6","100","15","true","225.6","96","0","true"
"225.63333333333333","100","15","true","225.63333333333333","96","0","true"
"225.66666666666666","100","15","true","225.66666666666666","96","0","true"
"225.7","100","15","true","225.7","96","0","true"
"225.73333333333332","100","15","true","225.73333333333332","96","0","true"
"225.76666666666668","100","15","true","225.76666666666668","96","0","true"
"225.8","100","15","true","225.8","96","0","true"
"225.83333333333334","100","15","true","225.83333333333334","96","0","true"
"225.86666666666667","100","15","true","225.86666666666667","96","0","true"
"225.9","100","15","true","225.9","96","0","true"
"225.93333333333334","100","15","true","225.93333333333334","96","0","true"
"225.96666666666667","100","15","true","225.96666666666667","96","0","true"
"226","100","15","true","226","96","0","true"
"226.03333333333333","100","15","true","226.03333333333333","96","0","true"
"226.06666666666666","100","15","true","226.06666666666666","96","0","true"
"226.1","100","15","true","226.1","96","0","true"
"226.13333333333333","100","15","true","226.13333333333333","96","0","true"
"226.16666666666666","100","15","true","226.16666666666666","96","0","true"
"226.2","100","15","true","226.2","96","0","true"
"226.23333333333332","100","15","true","226.23333333333332","96","0","true"
"226.26666666666668","100","15","true","226.26666666666668","96","0","true"
"226.3","100","15","true","226.3","96","0","true"
"226.33333333333334","100","15","true","226.33333333333334","96","0","true"
"226.36666666666667","100","15","true","226.36666666666667","96","0","true"
"226.4","100","15","true","226.4","96","0","true"
"226.43333333333334","100","15","true","226.43333333333334","96","0","true"
"226.46666666666667","100","15","true","226.46666666666667","96","0","true"
"226.5","100","15","true","226.5","96","0","true"
"226.53333333333333","100","15","true","226.53333333333333","96","0","true"
"226.56666666666666","100","15","true","226.56666666666666","96","0","true"
"226.6","100","15","true","226.6","96","0","true"
"226.63333333333333","100","15","true","226.63333333333333","96","0","true"
"226.66666666666666","100","15","true","226.66666666666666","96","0","true"
"226.7","100","15","true","226.7","96","0","true"
"226.73333333333332","100","15","true","226.73333333333332","96","0","true"
"226.76666666666668","100","15","true","226.76666666666668","96","0","true"
"226.8","100","15","true","226.8","96","0","true"
"226.83333333333334","100","15","true","226.83333333333334","96","0","true"
"226.86666666666667","100","15","true","226.86666666666667","96","0","true"
"226.9","100","15","true","226.9","96","0","true"
"226.93333333333334","100","15","true","226.93333333333334","96","0","true"
"226.96666666666667","100","15","true","226.96666666666667","96","0","true"
"227","100","15","true","227","96","0","true"
"227.03333333333333","100","15","true","227.03333333333333","96","0","true"
"227.06666666666666","100","15","true","227.06666666666666","96","0","true"
"227.1","100","15","true","227.1","96","0","true"
"227.13333333333333","100","15","true","227.13333333333333","96","0","true"
"227.16666666666666","100","15","true","227.16666666666666","96","0","true"
"227.2","100","15","true","227.2","96","0","true"
"227.23333333333332","100","15","true","227.23333333333332","96","0","true"
"227.26666666666668","100","15","true","227.26666666666668","96","0","true"
"227.3","100","15","true","227.3","96","0","true"
"227.33333333333334","100","15","true","227.33333333333334","96","0","true"
"227.36666666666667","100","15","true","227.36666666666667","96","0","true"
"227.4","100","15","true","227.4","96","0","true"
"227.43333333333334","100","15","true","227.43333333333334","96","0","true"
"227.46666666666667","100","15","true","227.46666666666667","96","0","true"
"227.5","100","15","true","227.5","96","0","true"
"227.53333333333333","100","15","true","227.53333333333333","96","0","true"
"227.56666666666666","100","15","true","227.56666666666666","96","0","true"
"227.6","100","15","true","227.6","96","0","true"
"227.63333333333333","100","15","true","227.63333333333333","96","0","true"
"227.66666666666666","100","15","true","227.66666666666666","96","0","true"
"227.7","100","15","true","227.7","96","0","true"
"227.73333333333332","100","15","true","227.73333333333332","96","0","true"
"227.76666666666668","100","15","true","227.76666666666668","96","0","true"
"227.8","100","15","true","227.8","96","0","true"
"227.83333333333334","100","15","true","227.83333333333334","96","0","true"
"227.86666666666667","100","15","true","227.86666666666667","96","0","true"
"227.9","100","15","true","227.9","96","0","true"
"227.93333333333334","100","15","true","227.93333333333334","96","0","true"
"227.96666666666667","100","15","true","227.96666666666667","96","0","true"
"228","100","15","true","228","96","0","true"
"228.03333333333333","100","15","true","228.03333333333333","96","0","true"
"228.06666666666666","100","15","true","228.06666666666666","96","0","true"
"228.1","100","15","true","228.1","96","0","true"
"228.13333333333333","100","15","true","228.13333333333333","96","0","true"
"228.16666666666666","100","15","true","228.16666666666666","96","0","true"
"228.2","100","15","true","228.2","96","0","true"
"228.23333333333332","100","15","true","228.23333333333332","96","0","true"
"228.26666666666668","100","15","true","228.26666666666668","96","0","true"
"228.3","100","15","true","228.3","96","0","true"
"228.33333333333334","100","15","true","228.33333333333334","96","0","true"
"228.36666666666667","100","15","true","228.36666666666667","96","0","true"
"228.4","100","15","true","228.4","96","0","true"
"228.43333333333334","100","15","true","228.43333333333334","96","0","true"
"228.46666666666667","100","15","true","228.46666666666667","96","0","true"
"228.5","100","15","true","228.5","96","0","true"
"228.53333333333333","100","15","true","228.53333333333333","96","0","true"
"228.56666666666666","100","15","true","228.56666666666666","96","0","true"
"228.6","100","15","true","228.6","96","0","true"
"228.63333333333333","100","15","true","228.63333333333333","96","0","true"
"228.66666666666666","100","15","true","228.66666666666666","96","0","true"
"228.7","100","15","true","228.7","96","0","true"
"228.73333333333332","100","15","true","228.73333333333332","96","0","true"
"228.76666666666668","100","15","true","228.76666666666668","96","0","true"
"228.8","100","15","true","228.8","96","0","true"
"228.83333333333334","100","15","true","228.83333333333334","96","0","true"
"228.86666666666667","100","15","true","228.86666666666667","96","0","true"
"228.9","100","15","true","228.9","96","0","true"
"228.93333333333334","100","15","true","228.93333333333334","96","0","true"
"228.96666666666667","100","15","true","228.96666666666667","96","0","true"
"229","100","15","true","229","96","0","true"
"229.03333333333333","100","15","true","229.03333333333333","96","0","true"
"229.06666666666666","100","15","true","229.06666666666666","96","0","true"
"229.1","100","15","true","229.1","96","0","true"
"229.13333333333333","100","15","true","229.13333333333333","96","0","true"
"229.16666666666666","100","15","true","229.16666666666666","96","0","true"
"229.2","100","15","true","229.2","96","0","true"
"229.23333333333332","100","15","true","229.23333333333332","96","0","true"
"229.26666666666668","100","15","true","229.26666666666668","96","0","true"
"229.3","100","15","true","229.3","96","0","true"
"229.33333333333334","100","15","true","229.33333333333334","96","0","true"
"229.36666666666667","100","15","true","229.36666666666667","96","0","true"
"229.4","100","15","true","229.4","96","0","true"
"229.43333333333334","100","15","true","229.43333333333334","96","0","true"
"229.46666666666667","100","15","true","229.46666666666667","96","0","true"
"229.5","100","15","true","229.5","96","0","true"
"229.53333333333333","100","15","true","229.53333333333333","96","0","true"
"229.56666666666666","100","15","true","229.56666666666666","96","0","true"
"229.6","100","15","true","229.6","96","0","true"
"229.63333333333333","100","15","true","229.63333333333333","96","0","true"
"229.66666666666666","100","15","true","229.66666666666666","96","0","true"
"229.7","100","15","true","229.7","96","0","true"
"229.73333333333332","100","15","true","229.73333333333332","96","0","true"
"229.76666666666668","100","15","true","229.76666666666668","96","0","true"
"229.8","100","15","true","229.8","96","0","true"
"229.83333333333334","100","15","true","229.83333333333334","96","0","true"
"229.86666666666667","100","15","true","229.86666666666667","96","0","true"
"229.9","100","15","true","229.9","96","0","true"
"229.93333333333334","100","15","true","229.93333333333334","96","0","true"
"229.96666666666667","100","15","true","229.96666666666667","96","0","true"
"230","100","15","true","230","96","0","true"
"230.03333333333333","100","15","true","230.03333333333333","96","0","true"
"230.06666666666666","100","15","true","230.06666666666666","96","0","true"
"230.1","100","15","true","230.1","96","0","true"
"230.13333333333333","100","15","true","230.13333333333333","96","0","true"
"230.16666666666666","100","15","true","230.16666666666666","96","0","true"
"230.2","100","15","true","230.2","96","0","true"
"230.23333333333332","100","15","true","230.23333333333332","96","0","true"
"230.26666666666668","100","15","true","230.26666666666668","96","0","true"
"230.3","100","15","true","230.3","96","0","true"
"230.33333333333334","100","15","true","230.33333333333334","96","0","true"
"230.36666666666667","100","15","true","230.36666666666667","96","0","true"
"230.4","100","15","true","230.4","96","0","true"
"230.43333333333334","100","15","true","230.43333333333334","96","0","true"
"230.46666666666667","100","15","true","230.46666666666667","96","0","true"
"230.5","100","15","true","230.5","96","0","true"
"230.53333333333333","100","15","true","230.53333333333333","96","0","true"
"230.56666666666666","100","15","true","230.56666666666666","96","0","true"
"230.6","100","15","true","230.6","96","0","true"
"230.63333333333333","100","15","true","230.63333333333333","96","0","true"
"230.66666666666666","100","15","true","230.66666666666666","96","0","true"
"230.7","100","15","true","230.7","96","0","true"
"230.73333333333332","100","15","true","230.73333333333332","96","0","true"
"230.76666666666668","100","15","true","230.76666666666668","96","0","true"
"230.8","100","15","true","230.8","96","0","true"
"230.83333333333334","100","15","true","230.83333333333334","96","0","true"
"230.86666666666667","100","15","true","230.86666666666667","96","0","true"
"230.9","100","15","true","230.9","96","0","true"
"230.93333333333334","100","15","true","230.93333333333334","96","0","true"
"230.96666666666667","100","15","true","230.96666666666667","96","0","true"
"231","100","15","true","231","96","0","true"
"231.03333333333333","100","15","true","231.03333333333333","96","0","true"
"231.06666666666666","100","15","true","231.06666666666666","96","0","true"
"231.1","100","15","true","231.1","96","0","true"
"231.13333333333333","100","15","true","231.13333333333333","96","0","true"
"231.16666666666666","100","15","true","231.16666666666666","96","0","true"
"231.2","100","15","true","231.2","96","0","true"
"231.23333333333332","100","15","true","231.23333333333332","96","0","true"
"231.26666666666668","100","15","true","231.26666666666668","96","0","true"
"231.3","100","15","true","231.3","96","0","true"
"231.33333333333334","100","15","true","231.33333333333334","96","0","true"
"231.36666666666667","100","15","true","231.36666666666667","96","0","true"
"231.4","100","15","true","231.4","96","0","true"
"231.43333333333334","100","15","true","231.43333333333334","96","0","true"
"231.46666666666667","100","15","true","231.46666666666667","96","0","true"
"231.5","100","15","true","231.5","96","0","true"
"231.53333333333333","100","15","true","231.53333333333333","96","0","true"
"231.56666666666666","100","15","true","231.56666666666666","96","0","true"
"231.6","100","15","true","231.6","96","0","true"
"231.63333333333333","100","15","true","231.63333333333333","96","0","true"
"231.66666666666666","100","15","true","231.66666666666666","96","0","true"
"231.7","100","15","true","231.7","96","0","true"
"231.73333333333332","100","15","true","231.73333333333332","96","0","true"
"231.76666666666668","100","15","true","231.76666666666668","96","0","true"
"231.8","100","15","true","231.8","96","0","true"
"231.83333333333334","100","15","true","231.83333333333334","96","0","true"
"231.86666666666667","100","15","true","231.86666666666667","96","0","true"
"231.9","100","15","true","231.9","96","0","true"
"231.93333333333334","100","15","true","231.93333333333334","96","0","true"
"231.96666666666667","100","15","true","231.96666666666667","96","0","true"
"232","100","15","true","232","96","0","true"
"232.03333333333333","100","15","true","232.03333333333333","96","0","true"
"232.06666666666666","100","15","true","232.06666666666666","96","0","true"
"232.1","100","15","true","232.1","96","0","true"
"232.13333333333333","100","15","true","232.13333333333333","96","0","true"
"232.16666666666666","100","15","true","232.16666666666666","96","0","true"
"232.2","100","15","true","232.2","96","0","true"
"232.23333333333332","100","15","true","232.23333333333332","96","0","true"
"232.26666666666668","100","15","true","232.26666666666668","96","0","true"
"232.3","100","15","true","232.3","96","0","true"
"232.33333333333334","100","15","true","232.33333333333334","96","0","true"
"232.36666666666667","100","15","true","232.36666666666667","96","0","true"
"232.4","100","15","true","232.4","96","0","true"
"232.43333333333334","100","15","true","232.43333333333334","96","0","true"
"232.46666666666667","100","15","true","232.46666666666667","96","0","true"
"232.5","100","15","true","232.5","96","0","true"
"232.53333333333333","100","15","true","232.53333333333333","96","0","true"
"232.56666666666666","100","15","true","232.56666666666666","96","0","true"
"232.6","100","15","true","232.6","96","0","true"
"232.63333333333333","100","15","true","232.63333333333333","96","0","true"
"232.66666666666666","100","15","true","232.66666666666666","96","0","true"
"232.7","100","15","true","232.7","96","0","true"
"232.73333333333332","100","15","true","232.73333333333332","96","0","true"
"232.76666666666668","100","15","true","232.76666666666668","96","0","true"
"232.8","100","15","true","232.8","96","0","true"
"232.83333333333334","100","15","true","232.83333333333334","96","0","true"
"232.86666666666667","100","15","true","232.86666666666667","96","0","true"
"232.9","100","15","true","232.9","96","0","true"
"232.93333333333334","100","15","true","232.93333333333334","96","0","true"
"232.96666666666667","100","15","true","232.96666666666667","96","0","true"
"233","100","15","true","233","96","0","true"
"233.03333333333333","100","15","true","233.03333333333333","96","0","true"
"233.06666666666666","100","15","true","233.06666666666666","96","0","true"
"233.1","100","15","true","233.1","96","0","true"
"233.13333333333333","100","15","true","233.13333333333333","96","0","true"
"233.16666666666666","100","15","true","233.16666666666666","96","0","true"
"233.2","100","15","true","233.2","96","0","true"
"233.23333333333332","100","15","true","233.23333333333332","96","0","true"
"233.26666666666668","100","15","true","233.26666666666668","96","0","true"
"233.3","100","15","true","233.3","96","0","true"
"233.33333333333334","100","15","true","233.33333333333334","96","0","true"
"233.36666666666667","100","15","true","233.36666666666667","96","0","true"
"233.4","100","15","true","233.4","96","0","true"
"233.43333333333334","100","15","true","233.43333333333334","96","0","true"
"233.46666666666667","100","15","true","233.46666666666667","96","0","true"
"233.5","100","15","true","233.5","96","0","true"
"233.53333333333333","100","15","true","233.53333333333333","96","0","true"
"233.56666666666666","100","15","true","233.56666666666666","96","0","true"
"233.6","100","15","true","233.6","96","0","true"
"233.63333333333333","100","15","true","233.63333333333333","96","0","true"
"233.66666666666666","100","15","true","233.66666666666666","96","0","true"
"233.7","100","15","true","233.7","96","0","true"
"233.73333333333332","100","15","true","233.73333333333332","96","0","true"
"233.76666666666668","100","15","true","233.76666666666668","96","0","true"
"233.8","100","15","true","233.8","96","0","true"
"233.83333333333334","100","15","true","233.83333333333334","96","0","true"
"233.86666666666667","100","15","true","233.86666666666667","96","0","true"
"233.9","100","15","true","233.9","96","0","true"
"233.93333333333334","100","15","true","233.93333333333334","96","0","true"
"233.96666666666667","100","15","true","233.96666666666667","96","0","true"
"234","100","15","true","234","96","0","true"
"234.03333333333333","100","15","true","234.03333333333333","96","0","true"
"234.06666666666666","100","15","true","234.06666666666666","96","0","true"
"234.1","100","15","true","234.1","96","0","true"
"234.13333333333333","100","15","true","234.13333333333333","96","0","true"
"234.16666666666666","100","15","true","234.16666666666666","96","0","true"
"234.2","100","15","true","234.2","96","0","true"
"234.23333333333332","100","15","true","234.23333333333332","96","0","true"
"234.26666666666668","100","15","true","234.26666666666668","96","0","true"
"234.3","100","15","true","234.3","96","0","true"
"234.33333333333334","100","15","true","234.33333333333334","96","0","true"
"234.36666666666667","100","15","true","234.36666666666667","96","0","true"
"234.4","100","15","true","234.4","96","0","true"
"234.43333333333334","100","15","true","234.43333333333334","96","0","true"
"234.46666666666667","100","15","true","234.46666666666667","96","0","true"
"234.5","100","15","true","234.5","96","0","true"
"234.53333333333333","100","15","true","234.53333333333333","96","0","true"
"234.56666666666666","100","15","true","234.56666666666666","96","0","true"
"234.6","100","15","true","234.6","96","0","true"
"234.63333333333333","100","15","true","234.63333333333333","96","0","true"
"234.66666666666666","100","15","true","234.66666666666666","96","0","true"
"234.7","100","15","true","234.7","96","0","true"
"234.73333333333332","100","15","true","234.73333333333332","96","0","true"
"234.76666666666668","100","15","true","234.76666666666668","96","0","true"
"234.8","100","15","true","234.8","96","0","true"
"234.83333333333334","100","15","true","234.83333333333334","96","0","true"
"234.86666666666667","100","15","true","234.86666666666667","96","0","true"
"234.9","100","15","true","234.9","96","0","true"
"234.93333333333334","100","15","true","234.93333333333334","96","0","true"
"234.96666666666667","100","15","true","234.96666666666667","96","0","true"
"235","100","15","true","235","96","0","true"
"235.03333333333333","100","15","true","235.03333333333333","96","0","true"
"235.06666666666666","100","15","true","235.06666666666666","96","0","true"
"235.1","100","15","true","235.1","96","0","true"
"235.13333333333333","100","15","true","235.13333333333333","96","0","true"
"235.16666666666666","100","15","true","235.16666666666666","96","0","true"
"235.2","100","15","true","235.2","96","0","true"
"235.23333333333332","100","15","true","235.23333333333332","96","0","true"
"235.26666666666668","100","15","true","235.26666666666668","96","0","true"
"235.3","100","15","true","235.3","96","0","true"
"235.33333333333334","100","15","true","235.33333333333334","96","0","true"
"235.36666666666667","100","15","true","235.36666666666667","96","0","true"
"235.4","100","15","true","235.4","96","0","true"
"235.43333333333334","100","15","true","235.43333333333334","96","0","true"
"235.46666666666667","100","15","true","235.46666666666667","96","0","true"
"235.5","100","15","true","235.5","96","0","true"
"235.53333333333333","100","15","true","235.53333333333333","96","0","true"
"235.56666666666666","100","15","true","235.56666666666666","96","0","true"
"235.6","100","15","true","235.6","96","0","true"
"235.63333333333333","100","15","true","235.63333333333333","96","0","true"
"235.66666666666666","100","15","true","235.66666666666666","96","0","true"
"235.7","100","15","true","235.7","96","0","true"
"235.73333333333332","100","15","true","235.73333333333332","96","0","true"
"235.76666666666668","100","15","true","235.76666666666668","96","0","true"
"235.8","100","15","true","235.8","96","0","true"
"235.83333333333334","100","15","true","235.83333333333334","96","0","true"
"235.86666666666667","100","15","true","235.86666666666667","96","0","true"
"235.9","100","15","true","235.9","96","0","true"
"235.93333333333334","100","15","true","235.93333333333334","96","0","true"
"235.96666666666667","100","15","true","235.96666666666667","96","0","true"
"236","100","15","true","236","96","0","true"
"236.03333333333333","100","15","true","236.03333333333333","96","0","true"
"236.06666666666666","100","15","true","236.06666666666666","96","0","true"
"236.1","100","15","true","236.1","96","0","true"
"236.13333333333333","100","15","true","236.13333333333333","96","0","true"
"236.16666666666666","100","15","true","236.16666666666666","96","0","true"
"236.2","100","15","true","236.2","96","0","true"
"236.23333333333332","100","15","true","236.23333333333332","96","0","true"
"236.26666666666668","100","15","true","236.26666666666668","96","0","true"
"236.3","100","15","true","236.3","96","0","true"
"236.33333333333334","100","15","true","236.33333333333334","96","0","true"
"236.36666666666667","100","15","true","236.36666666666667","96","0","true"
"236.4","100","15","true","236.4","96","0","true"
"236.43333333333334","100","15","true","236.43333333333334","96","0","true"
"236.46666666666667","100","15","true","236.46666666666667","96","0","true"
"236.5","100","15","true","236.5","96","0","true"
"236.53333333333333","100","15","true","236.53333333333333","96","0","true"
"236.56666666666666","100","15","true","236.56666666666666","96","0","true"
"236.6","100","15","true","236.6","96","0","true"
"236.63333333333333","100","15","true","236.63333333333333","96","0","true"
"236.66666666666666","100","15","true","236.66666666666666","96","0","true"
"236.7","100","15","true","236.7","96","0","true"
"236.73333333333332","100","15","true","236.73333333333332","96","0","true"
"236.76666666666668","100","15","true","236.76666666666668","96","0","true"
"236.8","100","15","true","236.8","96","0","true"
"236.83333333333334","100","15","true","236.83333333333334","96","0","true"
"236.86666666666667","100","15","true","236.86666666666667","96","0","true"
"236.9","100","15","true","236.9","96","0","true"
"236.93333333333334","100","15","true","236.93333333333334","96","0","true"
"236.96666666666667","100","15","true","236.96666666666667","96","0","true"
"237","100","15","true","237","96","0","true"
"237.03333333333333","100","15","true","237.03333333333333","96","0","true"
"237.06666666666666","100","15","true","237.06666666666666","96","0","true"
"237.1","100","15","true","237.1","96","0","true"
"237.13333333333333","100","15","true","237.13333333333333","96","0","true"
"237.16666666666666","100","15","true","237.16666666666666","96","0","true"
"237.2","100","15","true","237.2","96","0","true"
"237.23333333333332","100","15","true","237.23333333333332","96","0","true"
"237.26666666666668","100","15","true","237.26666666666668","96","0","true"
"237.3","100","15","true","237.3","96","0","true"
"237.33333333333334","100","15","true","237.33333333333334","96","0","true"
"237.36666666666667","100","15","true","237.36666666666667","96","0","true"
"237.4","100","15","true","237.4","96","0","true"
"237.43333333333334","100","15","true","237.43333333333334","96","0","true"
"237.46666666666667","100","15","true","237.46666666666667","96","0","true"
"237.5","100","15","true","237.5","96","0","true"
"237.53333333333333","100","15","true","237.53333333333333","96","0","true"
"237.56666666666666","100","15","true","237.56666666666666","96","0","true"
"237.6","100","15","true","237.6","96","0","true"
"237.63333333333333","100","15","true","237.63333333333333","96","0","true"
"237.66666666666666","100","15","true","237.66666666666666","96","0","true"
"237.7","100","15","true","237.7","96","0","true"
"237.73333333333332","100","15","true","237.73333333333332","96","0","true"
"237.76666666666668","100","15","true","237.76666666666668","96","0","true"
"237.8","100","15","true","237.8","96","0","true"
"237.83333333333334","100","15","true","237.83333333333334","96","0","true"
"237.86666666666667","100","15","true","237.86666666666667","96","0","true"
"237.9","100","15","true","237.9","96","0","true"
"237.93333333333334","100","15","true","237.93333333333334","96","0","true"
"237.96666666666667","100","15","true","237.96666666666667","96","0","true"
"238","100","15","true","238","96","0","true"
"238.03333333333333","100","15","true","238.03333333333333","96","0","true"
"238.06666666666666","100","15","true","238.06666666666666","96","0","true"
"238.1","100","15","true","238.1","96","0","true"
"238.13333333333333","100","15","true","238.13333333333333","96","0","true"
"238.16666666666666","100","15","true","238.16666666666666","96","0","true"
"238.2","100","15","true","238.2","96","0","true"
"238.23333333333332","100","15","true","238.23333333333332","96","0","true"
"238.26666666666668","100","15","true","238.26666666666668","96","0","true"
"238.3","100","15","true","238.3","96","0","true"
"238.33333333333334","100","15","true","238.33333333333334","96","0","true"
"238.36666666666667","100","15","true","238.36666666666667","96","0","true"
"238.4","100","15","true","238.4","96","0","true"
"238.43333333333334","100","15","true","238.43333333333334","96","0","true"
"238.46666666666667","100","15","true","238.46666666666667","96","0","true"
"238.5","100","15","true","238.5","96","0","true"
"238.53333333333333","100","15","true","238.53333333333333","96","0","true"
"238.56666666666666","100","15","true","238.56666666666666","96","0","true"
"238.6","100","15","true","238.6","96","0","true"
"238.63333333333333","100","15","true","238.63333333333333","96","0","true"
"238.66666666666666","100","15","true","238.66666666666666","96","0","true"
"238.7","100","15","true","238.7","96","0","true"
"238.73333333333332","100","15","true","238.73333333333332","96","0","true"
"238.76666666666668","100","15","true","238.76666666666668","96","0","true"
"238.8","100","15","true","238.8","96","0","true"
"238.83333333333334","100","15","true","238.83333333333334","96","0","true"
"238.86666666666667","100","15","true","238.86666666666667","96","0","true"
"238.9","100","15","true","238.9","96","0","true"
"238.93333333333334","100","15","true","238.93333333333334","96","0","true"
"238.96666666666667","100","15","true","238.96666666666667","96","0","true"
"239","100","15","true","239","96","0","true"
"239.03333333333333","100","15","true","239.03333333333333","96","0","true"
"239.06666666666666","100","15","true","239.06666666666666","96","0","true"
"239.1","100","15","true","239.1","96","0","true"
"239.13333333333333","100","15","true","239.13333333333333","96","0","true"
"239.16666666666666","100","15","true","239.16666666666666","96","0","true"
"239.2","100","15","true","239.2","96","0","true"
"239.23333333333332","100","15","true","239.23333333333332","96","0","true"
"239.26666666666668","100","15","true","239.26666666666668","96","0","true"
"239.3","100","15","true","239.3","96","0","true"
"239.33333333333334","100","15","true","239.33333333333334","96","0","true"
"239.36666666666667","100","15","true","239.36666666666667","96","0","true"
"239.4","100","15","true","239.4","96","0","true"
"239.43333333333334","100","15","true","239.43333333333334","96","0","true"
"239.46666666666667","100","15","true","239.46666666666667","96","0","true"
"239.5","100","15","true","239.5","96","0","true"
"239.53333333333333","100","15","true","239.53333333333333","96","0","true"
"239.56666666666666","100","15","true","239.56666666666666","96","0","true"
"239.6","100","15","true","239.6","96","0","true"
"239.63333333333333","100","15","true","239.63333333333333","96","0","true"
"239.66666666666666","100","15","true","239.66666666666666","96","0","true"
"239.7","100","15","true","239.7","96","0","true"
"239.73333333333332","100","15","true","239.73333333333332","96","0","true"
"239.76666666666668","100","15","true","239.76666666666668","96","0","true"
"239.8","100","15","true","239.8","96","0","true"
"239.83333333333334","100","15","true","239.83333333333334","96","0","true"
"239.86666666666667","100","15","true","239.86666666666667","96","0","true"
"239.9","100","15","true","239.9","96","0","true"
"239.93333333333334","100","15","true","239.93333333333334","96","0","true"
"239.96666666666667","100","15","true","239.96666666666667","96","0","true"
"240","100","15","true","240","96","0","true"
"240.03333333333333","100","15","true","240.03333333333333","96","0","true"
"240.06666666666666","100","15","true","240.06666666666666","96","0","true"
"240.1","100","15","true","240.1","96","0","true"
"240.13333333333333","100","15","true","240.13333333333333","96","0","true"
"240.16666666666666","100","15","true","240.16666666666666","96","0","true"
"240.2","100","15","true","240.2","96","0","true"
"240.23333333333332","100","15","true","240.23333333333332","96","0","true"
"240.26666666666668","100","15","true","240.26666666666668","96","0","true"
"240.3","100","15","true","240.3","96","0","true"
"240.33333333333334","100","15","true","240.33333333333334","96","0","true"
"240.36666666666667","100","15","true","240.36666666666667","96","0","true"
"240.4","100","15","true","240.4","96","0","true"
"240.43333333333334","100","15","true","240.43333333333334","96","0","true"
"240.46666666666667","100","15","true","240.46666666666667","96","0","true"
"240.5","100","15","true","240.5","96","0","true"
"240.53333333333333","100","15","true","240.53333333333333","96","0","true"
"240.56666666666666","100","15","true","240.56666666666666","96","0","true"
"240.6","100","15","true","240.6","96","0","true"
"240.63333333333333","100","15","true","240.63333333333333","96","0","true"
"240.66666666666666","100","15","true","240.66666666666666","96","0","true"
"240.7","100","15","true","240.7","96","0","true"
"240.73333333333332","100","15","true","240.73333333333332","96","0","true"
"240.76666666666668","100","15","true","240.76666666666668","96","0","true"
"240.8","100","15","true","240.8","96","0","true"
"240.83333333333334","100","15","true","240.83333333333334","96","0","true"
"240.86666666666667","100","15","true","240.86666666666667","96","0","true"
"240.9","100","15","true","240.9","96","0","true"
"240.93333333333334","100","15","true","240.93333333333334","96","0","true"
"240.96666666666667","100","15","true","240.96666666666667","96","0","true"
"241","100","15","true","241","96","0","true"
"241.03333333333333","100","15","true","241.03333333333333","96","0","true"
"241.06666666666666","100","15","true","241.06666666666666","96","0","true"
"241.1","100","15","true","241.1","96","0","true"
"241.13333333333333","100","15","true","241.13333333333333","96","0","true"
"241.16666666666666","100","15","true","241.16666666666666","96","0","true"
"241.2","100","15","true","241.2","96","0","true"
"241.23333333333332","100","15","true","241.23333333333332","96","0","true"
"241.26666666666668","100","15","true","241.26666666666668","96","0","true"
"241.3","100","15","true","241.3","96","0","true"
"241.33333333333334","100","15","true","241.33333333333334","96","0","true"
"241.36666666666667","100","15","true","241.36666666666667","96","0","true"
"241.4","100","15","true","241.4","96","0","true"
"241.43333333333334","100","15","true","241.43333333333334","96","0","true"
"241.46666666666667","100","15","true","241.46666666666667","96","0","true"
"241.5","100","15","true","241.5","96","0","true"
"241.53333333333333","100","15","true","241.53333333333333","96","0","true"
"241.56666666666666","100","15","true","241.56666666666666","96","0","true"
"241.6","100","15","true","241.6","96","0","true"
"241.63333333333333","100","15","true","241.63333333333333","96","0","true"
"241.66666666666666","100","15","true","241.66666666666666","96","0","true"
"241.7","100","15","true","241.7","96","0","true"
"241.73333333333332","100","15","true","241.73333333333332","96","0","true"
"241.76666666666668","100","15","true","241.76666666666668","96","0","true"
"241.8","100","15","true","241.8","96","0","true"
"241.83333333333334","100","15","true","241.83333333333334","96","0","true"
"241.86666666666667","100","15","true","241.86666666666667","96","0","true"
"241.9","100","15","true","241.9","96","0","true"
"241.93333333333334","100","15","true","241.93333333333334","96","0","true"
"241.96666666666667","100","15","true","241.96666666666667","96","0","true"
"242","100","15","true","242","96","0","true"
"242.03333333333333","100","15","true","242.03333333333333","96","0","true"
"242.06666666666666","100","15","true","242.06666666666666","96","0","true"
"242.1","100","15","true","242.1","96","0","true"
"242.13333333333333","100","15","true","242.13333333333333","96","0","true"
"242.16666666666666","100","15","true","242.16666666666666","96","0","true"
"242.2","100","15","true","242.2","96","0","true"
"242.23333333333332","100","15","true","242.23333333333332","96","0","true"
"242.26666666666668","100","15","true","242.26666666666668","96","0","true"
"242.3","100","15","true","242.3","96","0","true"
"242.33333333333334","100","15","true","242.33333333333334","96","0","true"
"242.36666666666667","100","15","true","242.36666666666667","96","0","true"
"242.4","100","15","true","242.4","96","0","true"
"242.43333333333334","100","15","true","242.43333333333334","96","0","true"
"242.46666666666667","100","15","true","242.46666666666667","96","0","true"
"242.5","100","15","true","242.5","96","0","true"
"242.53333333333333","100","15","true","242.53333333333333","96","0","true"
"242.56666666666666","100","15","true","242.56666666666666","96","0","true"
"242.6","100","15","true","242.6","96","0","true"
"242.63333333333333","100","15","true","242.63333333333333","96","0","true"
"242.66666666666666","100","15","true","242.66666666666666","96","0","true"
"242.7","100","15","true","242.7","96","0","true"
"242.73333333333332","100","15","true","242.73333333333332","96","0","true"
"242.76666666666668","100","15","true","242.76666666666668","96","0","true"
"242.8","100","15","true","242.8","96","0","true"
"242.83333333333334","100","15","true","242.83333333333334","96","0","true"
"242.86666666666667","100","15","true","242.86666666666667","96","0","true"
"242.9","100","15","true","242.9","96","0","true"
"242.93333333333334","100","15","true","242.93333333333334","96","0","true"
"242.96666666666667","100","15","true","242.96666666666667","96","0","true"
"243","100","15","true","243","96","0","true"
"243.03333333333333","100","15","true","243.03333333333333","96","0","true"
"243.06666666666666","100","15","true","243.06666666666666","96","0","true"
"243.1","100","15","true","243.1","96","0","true"
"243.13333333333333","100","15","true","243.13333333333333","96","0","true"
"243.16666666666666","100","15","true","243.16666666666666","96","0","true"
"243.2","100","15","true","243.2","96","0","true"
"243.23333333333332","100","15","true","243.23333333333332","96","0","true"
"243.26666666666668","100","15","true","243.26666666666668","96","0","true"
"243.3","100","15","true","243.3","96","0","true"
"243.33333333333334","100","15","true","243.33333333333334","96","0","true"
"243.36666666666667","100","15","true","243.36666666666667","96","0","true"
"243.4","100","15","true","243.4","96","0","true"
"243.43333333333334","100","15","true","243.43333333333334","96","0","true"
"243.46666666666667","100","15","true","243.46666666666667","96","0","true"
"243.5","100","15","true","243.5","96","0","true"
"243.53333333333333","100","15","true","243.53333333333333","96","0","true"
"243.56666666666666","100","15","true","243.56666666666666","96","0","true"
"243.6","100","15","true","243.6","96","0","true"
"243.63333333333333","100","15","true","243.63333333333333","96","0","true"
"243.66666666666666","100","15","true","243.66666666666666","96","0","true"
"243.7","100","15","true","243.7","96","0","true"
"243.73333333333332","100","15","true","243.73333333333332","96","0","true"
"243.76666666666668","100","15","true","243.76666666666668","96","0","true"
"243.8","100","15","true","243.8","96","0","true"
"243.83333333333334","100","15","true","243.83333333333334","96","0","true"
"243.86666666666667","100","15","true","243.86666666666667","96","0","true"
"243.9","100","15","true","243.9","96","0","true"
"243.93333333333334","100","15","true","243.93333333333334","96","0","true"
"243.96666666666667","100","15","true","243.96666666666667","96","0","true"
"244","100","15","true","244","96","0","true"
"244.03333333333333","100","15","true","244.03333333333333","96","0","true"
"244.06666666666666","100","15","true","244.06666666666666","96","0","true"
"244.1","100","15","true","244.1","96","0","true"
"244.13333333333333","100","15","true","244.13333333333333","96","0","true"
"244.16666666666666","100","15","true","244.16666666666666","96","0","true"
"244.2","100","15","true","244.2","96","0","true"
"244.23333333333332","100","15","true","244.23333333333332","96","0","true"
"244.26666666666668","100","15","true","244.26666666666668","96","0","true"
"244.3","100","15","true","244.3","96","0","true"
"244.33333333333334","100","15","true","244.33333333333334","96","0","true"
"244.36666666666667","100","15","true","244.36666666666667","96","0","true"
"244.4","100","15","true","244.4","96","0","true"
"244.43333333333334","100","15","true","244.43333333333334","96","0","true"
"244.46666666666667","100","15","true","244.46666666666667","96","0","true"
"244.5","100","15","true","244.5","96","0","true"
"244.53333333333333","100","15","true","244.53333333333333","96","0","true"
"244.56666666666666","100","15","true","244.56666666666666","96","0","true"
"244.6","100","15","true","244.6","96","0","true"
"244.63333333333333","100","15","true","244.63333333333333","96","0","true"
"244.66666666666666","100","15","true","244.66666666666666","96","0","true"
"244.7","100","15","true","244.7","96","0","true"
"244.73333333333332","100","15","true","244.73333333333332","96","0","true"
"244.76666666666668","100","15","true","244.76666666666668","96","0","true"
"244.8","100","15","true","244.8","96","0","true"
"244.83333333333334","100","15","true","244.83333333333334","96","0","true"
"244.86666666666667","100","15","true","244.86666666666667","96","0","true"
"244.9","100","15","true","244.9","96","0","true"
"244.93333333333334","100","15","true","244.93333333333334","96","0","true"
"244.96666666666667","100","15","true","244.96666666666667","96","0","true"
"245","100","15","true","245","96","0","true"
"245.03333333333333","100","15","true","245.03333333333333","96","0","true"
"245.06666666666666","100","15","true","245.06666666666666","96","0","true"
"245.1","100","15","true","245.1","96","0","true"
"245.13333333333333","100","15","true","245.13333333333333","96","0","true"
"245.16666666666666","100","15","true","245.16666666666666","96","0","true"
"245.2","100","15","true","245.2","96","0","true"
"245.23333333333332","100","15","true","245.23333333333332","96","0","true"
"245.26666666666668","100","15","true","245.26666666666668","96","0","true"
"245.3","100","15","true","245.3","96","0","true"
"245.33333333333334","100","15","true","245.33333333333334","96","0","true"
"245.36666666666667","100","15","true","245.36666666666667","96","0","true"
"245.4","100","15","true","245.4","96","0","true"
"245.43333333333334","100","15","true","245.43333333333334","96","0","true"
"245.46666666666667","100","15","true","245.46666666666667","96","0","true"
"245.5","100","15","true","245.5","96","0","true"
"245.53333333333333","100","15","true","245.53333333333333","96","0","true"
"245.56666666666666","100","15","true","245.56666666666666","96","0","true"
"245.6","100","15","true","245.6","96","0","true"
"245.63333333333333","100","15","true","245.63333333333333","96","0","true"
"245.66666666666666","100","15","true","245.66666666666666","96","0","true"
"245.7","100","15","true","245.7","96","0","true"
"245.73333333333332","100","15","true","245.73333333333332","96","0","true"
"245.76666666666668","100","15","true","245.76666666666668","96","0","true"
"245.8","100","15","true","245.8","96","0","true"
"245.83333333333334","100","15","true","245.83333333333334","96","0","true"
"245.86666666666667","100","15","true","245.86666666666667","96","0","true"
"245.9","100","15","true","245.9","96","0","true"
"245.93333333333334","100","15","true","245.93333333333334","96","0","true"
"245.96666666666667","100","15","true","245.96666666666667","96","0","true"
"246","100","15","true","246","96","0","true"
"246.03333333333333","100","15","true","246.03333333333333","96","0","true"
"246.06666666666666","100","15","true","246.06666666666666","96","0","true"
"246.1","100","15","true","246.1","96","0","true"
"246.13333333333333","100","15","true","246.13333333333333","96","0","true"
"246.16666666666666","100","15","true","246.16666666666666","96","0","true"
"246.2","100","15","true","246.2","96","0","true"
"246.23333333333332","100","15","true","246.23333333333332","96","0","true"
"246.26666666666668","100","15","true","246.26666666666668","96","0","true"
"246.3","100","15","true","246.3","96","0","true"
"246.33333333333334","100","15","true","246.33333333333334","96","0","true"
"246.36666666666667","100","15","true","246.36666666666667","96","0","true"
"246.4","100","15","true","246.4","96","0","true"
"246.43333333333334","100","15","true","246.43333333333334","96","0","true"
"246.46666666666667","100","15","true","246.46666666666667","96","0","true"
"246.5","100","15","true","246.5","96","0","true"
"246.53333333333333","100","15","true","246.53333333333333","96","0","true"
"246.56666666666666","100","15","true","246.56666666666666","96","0","true"
"246.6","100","15","true","246.6","96","0","true"
"246.63333333333333","100","15","true","246.63333333333333","96","0","true"
"246.66666666666666","100","15","true","246.66666666666666","96","0","true"
"246.7","100","15","true","246.7","96","0","true"
"246.73333333333332","100","15","true","246.73333333333332","96","0","true"
"246.76666666666668","100","15","true","246.76666666666668","96","0","true"
"246.8","100","15","true","246.8","96","0","true"
"246.83333333333334","100","15","true","246.83333333333334","96","0","true"
"246.86666666666667","100","15","true","246.86666666666667","96","0","true"
"246.9","100","15","true","246.9","96","0","true"
"246.93333333333334","100","15","true","246.93333333333334","96","0","true"
"246.96666666666667","100","15","true","246.96666666666667","96","0","true"
"247","100","15","true","247","96","0","true"
"247.03333333333333","100","15","true","247.03333333333333","96","0","true"
"247.06666666666666","100","15","true","247.06666666666666","96","0","true"
"247.1","100","15","true","247.1","96","0","true"
"247.13333333333333","100","15","true","247.13333333333333","96","0","true"
"247.16666666666666","100","15","true","247.16666666666666","96","0","true"
"247.2","100","15","true","247.2","96","0","true"
"247.23333333333332","100","15","true","247.23333333333332","96","0","true"
"247.26666666666668","100","15","true","247.26666666666668","96","0","true"
"247.3","100","15","true","247.3","96","0","true"
"247.33333333333334","100","15","true","247.33333333333334","96","0","true"
"247.36666666666667","100","15","true","247.36666666666667","96","0","true"
"247.4","100","15","true","247.4","96","0","true"
"247.43333333333334","100","15","true","247.43333333333334","96","0","true"
"247.46666666666667","100","15","true","247.46666666666667","96","0","true"
"247.5","100","15","true","247.5","96","0","true"
"247.53333333333333","100","15","true","247.53333333333333","96","0","true"
"247.56666666666666","100","15","true","247.56666666666666","96","0","true"
"247.6","100","15","true","247.6","96","0","true"
"247.63333333333333","100","15","true","247.63333333333333","96","0","true"
"247.66666666666666","100","15","true","247.66666666666666","96","0","true"
"247.7","100","15","true","247.7","96","0","true"
"247.73333333333332","100","15","true","247.73333333333332","96","0","true"
"247.76666666666668","100","15","true","247.76666666666668","96","0","true"
"247.8","100","15","true","247.8","96","0","true"
"247.83333333333334","100","15","true","247.83333333333334","96","0","true"
"247.86666666666667","100","15","true","247.86666666666667","96","0","true"
"247.9","100","15","true","247.9","96","0","true"
"247.93333333333334","100","15","true","247.93333333333334","96","0","true"
"247.96666666666667","100","15","true","247.96666666666667","96","0","true"
"248","100","15","true","248","96","0","true"
"248.03333333333333","100","15","true","248.03333333333333","96","0","true"
"248.06666666666666","100","15","true","248.06666666666666","96","0","true"
"248.1","100","15","true","248.1","96","0","true"
"248.13333333333333","100","15","true","248.13333333333333","96","0","true"
"248.16666666666666","100","15","true","248.16666666666666","96","0","true"
"248.2","100","15","true","248.2","96","0","true"
"248.23333333333332","100","15","true","248.23333333333332","96","0","true"
"248.26666666666668","100","15","true","248.26666666666668","96","0","true"
"248.3","100","15","true","248.3","96","0","true"
"248.33333333333334","100","15","true","248.33333333333334","96","0","true"
"248.36666666666667","100","15","true","248.36666666666667","96","0","true"
"248.4","100","15","true","248.4","96","0","true"
"248.43333333333334","100","15","true","248.43333333333334","96","0","true"
"248.46666666666667","100","15","true","248.46666666666667","96","0","true"
"248.5","100","15","true","248.5","96","0","true"
"248.53333333333333","100","15","true","248.53333333333333","96","0","true"
"248.56666666666666","100","15","true","248.56666666666666","96","0","true"
"248.6","100","15","true","248.6","96","0","true"
"248.63333333333333","100","15","true","248.63333333333333","96","0","true"
"248.66666666666666","100","15","true","248.66666666666666","96","0","true"
"248.7","100","15","true","248.7","96","0","true"
"248.73333333333332","100","15","true","248.73333333333332","96","0","true"
"248.76666666666668","100","15","true","248.76666666666668","96","0","true"
"248.8","100","15","true","248.8","96","0","true"
"248.83333333333334","100","15","true","248.83333333333334","96","0","true"
"248.86666666666667","100","15","true","248.86666666666667","96","0","true"
"248.9","100","15","true","248.9","96","0","true"
"248.93333333333334","100","15","true","248.93333333333334","96","0","true"
"248.96666666666667","100","15","true","248.96666666666667","96","0","true"
"249","100","15","true","249","96","0","true"
"249.03333333333333","100","15","true","249.03333333333333","96","0","true"
"249.06666666666666","100","15","true","249.06666666666666","96","0","true"
"249.1","100","15","true","249.1","96","0","true"
"249.13333333333333","100","15","true","249.13333333333333","96","0","true"
"249.16666666666666","100","15","true","249.16666666666666","96","0","true"
"249.2","100","15","true","249.2","96","0","true"
"249.23333333333332","100","15","true","249.23333333333332","96","0","true"
"249.26666666666668","100","15","true","249.26666666666668","96","0","true"
"249.3","100","15","true","249.3","96","0","true"
"249.33333333333334","100","15","true","249.33333333333334","96","0","true"
"249.36666666666667","100","15","true","249.36666666666667","96","0","true"
"249.4","100","15","true","249.4","96","0","true"
"249.43333333333334","100","15","true","249.43333333333334","96","0","true"
"249.46666666666667","100","15","true","249.46666666666667","96","0","true"
"249.5","100","15","true","249.5","96","0","true"
"249.53333333333333","100","15","true","249.53333333333333","96","0","true"
"249.56666666666666","100","15","true","249.56666666666666","96","0","true"
"249.6","100","15","true","249.6","96","0","true"
"249.63333333333333","100","15","true","249.63333333333333","96","0","true"
"249.66666666666666","100","15","true","249.66666666666666","96","0","true"
"249.7","100","15","true","249.7","96","0","true"
"249.73333333333332","100","15","true","249.73333333333332","96","0","true"
"249.76666666666668","100","15","true","249.76666666666668","96","0","true"
"249.8","100","15","true","249.8","96","0","true"
"249.83333333333334","100","15","true","249.83333333333334","96","0","true"
"249.86666666666667","100","15","true","249.86666666666667","96","0","true"
"249.9","100","15","true","249.9","96","0","true"
"249.93333333333334","100","15","true","249.93333333333334","96","0","true"
"249.96666666666667","100","15","true","249.96666666666667","96","0","true"
"250","100","15","true","250","96","0","true"
"250.03333333333333","100","15","true","250.03333333333333","96","0","true"
"250.06666666666666","100","15","true","250.06666666666666","96","0","true"
"250.1","100","15","true","250.1","100","0","true"
"250.13333333333333","100","15","true","250.13333333333333","100","0","true"
"250.16666666666666","100","15","true","250.16666666666666","100","0","true"
"250.2","100","15","true","250.2","100","0","true"
"250.23333333333332","100","15","true","250.23333333333332","100","0","true"
"250.26666666666668","100","15","true","250.26666666666668","100","0","true"
"250.3","100","15","true","250.3","100","0","true"
"250.33333333333334","100","15","true","250.33333333333334","100","0","true"
"250.36666666666667","100","15","true","250.36666666666667","100","0","true"
"250.4","100","15","true","250.4","100","0","true"
"250.43333333333334","100","15","true","250.43333333333334","100","0","true"
"250.46666666666667","100","15","true","250.46666666666667","100","0","true"
"250.5","100","15","true","250.5","100","0","true"
"250.53333333333333","100","15","true","250.53333333333333","100","0","true"
"250.56666666666666","100","15","true","250.56666666666666","100","0","true"
"250.6","100","15","true","250.6","100","0","true"
"250.63333333333333","100","15","true","250.63333333333333","100","0","true"
"250.66666666666666","100","15","true","250.66666666666666","100","0","true"
"250.7","100","15","true","250.7","100","0","true"
"250.73333333333332","100","15","true","250.73333333333332","100","0","true"
"250.76666666666668","100","15","true","250.76666666666668","100","0","true"
"250.8","100","15","true","250.8","100","0","true"
"250.83333333333334","100","15","true","250.83333333333334","100","0","true"
"250.86666666666667","100","15","true","250.86666666666667","100","0","true"
"250.9","100","15","true","250.9","100","0","true"
"250.93333333333334","100","15","true","250.93333333333334","100","0","true"
"250.96666666666667","100","15","true","250.96666666666667","100","0","true"
"251","100","15","true","251","100","0","true"
"251.03333333333333","100","15","true","251.03333333333333","100","0","true"
"251.06666666666666","100","15","true","251.06666666666666","100","0","true"
"251.1","100","15","true","251.1","100","0","true"
"251.13333333333333","100","15","true","251.13333333333333","100","0","true"
"251.16666666666666","100","15","true","251.16666666666666","100","0","true"
"251.2","100","15","true","251.2","100","0","true"
"251.23333333333332","100","15","true","251.23333333333332","100","0","true"
"251.26666666666668","100","15","true","251.26666666666668","100","0","true"
"251.3","100","15","true","251.3","100","0","true"
"251.33333333333334","100","15","true","251.33333333333334","100","0","true"
"251.36666666666667","100","15","true","251.36666666666667","100","0","true"
"251.4","100","15","true","251.4","100","0","true"
"251.43333333333334","100","15","true","251.43333333333334","100","0","true"
"251.46666666666667","100","15","true","251.46666666666667","100","0","true"
"251.5","100","15","true","251.5","100","0","true"
"251.53333333333333","100","15","true","251.53333333333333","100","0","true"
"251.56666666666666","100","15","true","251.56666666666666","100","0","true"
"251.6","100","15","true","251.6","100","0","true"
"251.63333333333333","100","15","true","251.63333333333333","100","0","true"
"251.66666666666666","100","15","true","251.66666666666666","100","0","true"
"251.7","100","15","true","251.7","100","0","true"
"251.73333333333332","100","15","true","251.73333333333332","100","0","true"
"251.76666666666668","100","15","true","251.76666666666668","100","0","true"
"251.8","100","15","true","251.8","100","0","true"
"251.83333333333334","100","15","true","251.83333333333334","100","0","true"
"251.86666666666667","100","15","true","251.86666666666667","100","0","true"
"251.9","100","15","true","251.9","100","0","true"
"251.93333333333334","100","15","true","251.93333333333334","100","0","true"
"251.96666666666667","100","15","true","251.96666666666667","100","0","true"
"252","100","15","true","252","100","0","true"
"252.03333333333333","100","15","true","252.03333333333333","100","0","true"
"252.06666666666666","100","15","true","252.06666666666666","100","0","true"
"252.1","100","15","true","252.1","100","0","true"
"252.13333333333333","100","15","true","252.13333333333333","100","0","true"
"252.16666666666666","100","15","true","252.16666666666666","100","0","true"
"252.2","100","15","true","252.2","100","0","true"
"252.23333333333332","100","15","true","252.23333333333332","100","0","true"
"252.26666666666668","100","15","true","252.26666666666668","100","0","true"
"252.3","100","15","true","252.3","100","0","true"
"252.33333333333334","100","15","true","252.33333333333334","100","0","true"
"252.36666666666667","100","15","true","252.36666666666667","100","0","true"
"252.4","100","15","true","252.4","100","0","true"
"252.43333333333334","100","15","true","252.43333333333334","100","0","true"
"252.46666666666667","100","15","true","252.46666666666667","100","0","true"
"252.5","100","15","true","252.5","100","0","true"
"252.53333333333333","100","15","true","252.53333333333333","100","0","true"
"252.56666666666666","100","15","true","252.56666666666666","100","0","true"
"252.6","100","15","true","252.6","100","0","true"
"252.63333333333333","100","15","true","252.63333333333333","100","0","true"
"252.66666666666666","100","15","true","252.66666666666666","100","0","true"
"252.7","100","15","true","252.7","100","0","true"
"252.73333333333332","100","15","true","252.73333333333332","100","0","true"
"252.76666666666668","100","15","true","252.76666666666668","100","0","true"
"252.8","100","15","true","252.8","100","0","true"
"252.83333333333334","100","15","true","252.83333333333334","100","0","true"
"252.86666666666667","100","15","true","252.86666666666667","100","0","true"
"252.9","100","15","true","252.9","100","0","true"
"252.93333333333334","100","15","true","252.93333333333334","100","0","true"
"252.96666666666667","100","15","true","252.96666666666667","100","0","true"
"253","100","15","true","253","100","0","true"
"253.03333333333333","100","15","true","253.03333333333333","100","0","true"
"253.06666666666666","100","15","true","253.06666666666666","100","0","true"
"253.1","100","15","true","253.1","100","0","true"
"253.13333333333333","100","15","true","253.13333333333333","100","0","true"
"253.16666666666666","100","15","true","253.16666666666666","100","0","true"
"253.2","100","15","true","253.2","100","0","true"
"253.23333333333332","100","15","true","253.23333333333332","100","0","true"
"253.26666666666668","100","15","true","253.26666666666668","100","0","true"
"253.3","100","15","true","253.3","100","0","true"
"253.33333333333334","100","15","true","253.33333333333334","100","0","true"
"253.36666666666667","100","15","true","253.36666666666667","100","0","true"
"253.4","100","15","true","253.4","100","0","true"
"253.43333333333334","100","15","true","253.43333333333334","100","0","true"
"253.46666666666667","100","15","true","253.46666666666667","100","0","true"
"253.5","100","15","true","253.5","100","0","true"
"253.53333333333333","100","15","true","253.53333333333333","100","0","true"
"253.56666666666666","100","15","true","253.56666666666666","100","0","true"
"253.6","100","15","true","253.6","100","0","true"
"253.63333333333333","100","15","true","253.63333333333333","100","0","true"
"253.66666666666666","100","15","true","253.66666666666666","100","0","true"
"253.7","100","15","true","253.7","100","0","true"
"253.73333333333332","100","15","true","253.73333333333332","100","0","true"
"253.76666666666668","100","15","true","253.76666666666668","100","0","true"
"253.8","100","15","true","253.8","100","0","true"
"253.83333333333334","100","15","true","253.83333333333334","100","0","true"
"253.86666666666667","100","15","true","253.86666666666667","100","0","true"
"253.9","100","15","true","253.9","100","0","true"
"253.93333333333334","100","15","true","253.93333333333334","100","0","true"
"253.96666666666667","100","15","true","253.96666666666667","100","0","true"
"254","100","15","true","254","100","0","true"
"254.03333333333333","100","15","true","254.03333333333333","100","0","true"
"254.06666666666666","100","15","true","254.06666666666666","100","0","true"
"254.1","100","15","true","254.1","100","0","true"
"254.13333333333333","100","15","true","254.13333333333333","100","0","true"
"254.16666666666666","100","15","true","254.16666666666666","100","0","true"
"254.2","100","15","true","254.2","100","0","true"
"254.23333333333332","100","15","true","254.23333333333332","100","0","true"
"254.26666666666668","100","15","true","254.26666666666668","100","0","true"
"254.3","100","15","true","254.3","100","0","true"
"254.33333333333334","100","15","true","254.33333333333334","100","0","true"
"254.36666666666667","100","15","true","254.36666666666667","100","0","true"
"254.4","100","15","true","254.4","100","0","true"
"254.43333333333334","100","15","true","254.43333333333334","100","0","true"
"254.46666666666667","100","15","true","254.46666666666667","100","0","true"
"254.5","100","15","true","254.5","100","0","true"
"254.53333333333333","100","15","true","254.53333333333333","100","0","true"
"254.56666666666666","100","15","true","254.56666666666666","100","0","true"
"254.6","100","15","true","254.6","100","0","true"
"254.63333333333333","100","15","true","254.63333333333333","100","0","true"
"254.66666666666666","100","15","true","254.66666666666666","100","0","true"
"254.7","100","15","true","254.7","100","0","true"
"254.73333333333332","100","15","true","254.73333333333332","100","0","true"
"254.76666666666668","100","15","true","254.76666666666668","100","0","true"
"254.8","100","15","true","254.8","100","0","true"
"254.83333333333334","100","15","true","254.83333333333334","100","0","true"
"254.86666666666667","100","15","true","254.86666666666667","100","0","true"
"254.9","100","15","true","254.9","100","0","true"
"254.93333333333334","100","15","true","254.93333333333334","100","0","true"
"254.96666666666667","100","15","true","254.96666666666667","100","0","true"
"255","100","15","true","255","100","0","true"
"255.03333333333333","100","15","true","255.03333333333333","100","0","true"
"255.06666666666666","100","15","true","255.06666666666666","100","0","true"
"255.1","100","15","true","255.1","100","0","true"
"255.13333333333333","100","15","true","255.13333333333333","100","0","true"
"255.16666666666666","100","15","true","255.16666666666666","100","0","true"
"255.2","100","15","true","255.2","100","0","true"
"255.23333333333332","100","15","true","255.23333333333332","100","0","true"
"255.26666666666668","100","15","true","255.26666666666668","100","0","true"
"255.3","100","15","true","255.3","100","0","true"
"255.33333333333334","100","15","true","255.33333333333334","100","0","true"
"255.36666666666667","100","15","true","255.36666666666667","100","0","true"
"255.4","100","15","true","255.4","100","0","true"
"255.43333333333334","100","15","true","255.43333333333334","100","0","true"
"255.46666666666667","100","15","true","255.46666666666667","100","0","true"
"255.5","100","15","true","255.5","100","0","true"
"255.53333333333333","100","15","true","255.53333333333333","100","0","true"
"255.56666666666666","100","15","true","255.56666666666666","100","0","true"
"255.6","100","15","true","255.6","100","0","true"
"255.63333333333333","100","15","true","255.63333333333333","100","0","true"
"255.66666666666666","100","15","true","255.66666666666666","100","0","true"
"255.7","100","15","true","255.7","100","0","true"
"255.73333333333332","100","15","true","255.73333333333332","100","0","true"
"255.76666666666668","100","15","true","255.76666666666668","100","0","true"
"255.8","100","15","true","255.8","100","0","true"
"255.83333333333334","100","15","true","255.83333333333334","100","0","true"
"255.86666666666667","100","15","true","255.86666666666667","100","0","true"
"255.9","100","15","true","255.9","100","0","true"
"255.93333333333334","100","15","true","255.93333333333334","100","0","true"
"255.96666666666667","100","15","true","255.96666666666667","100","0","true"
"256","100","15","true","256","100","0","true"
"256.03333333333336","100","15","true","256.03333333333336","100","0","true"
"256.06666666666666","100","15","true","256.06666666666666","100","0","true"
"256.1","100","15","true","256.1","100","0","true"
"256.1333333333333","100","15","true","256.1333333333333","100","0","true"
"256.1666666666667","100","15","true","256.1666666666667","100","0","true"
"256.2","100","15","true","256.2","100","0","true"
"256.23333333333335","100","15","true","256.23333333333335","100","0","true"
"256.26666666666665","100","15","true","256.26666666666665","100","0","true"
"256.3","100","15","true","256.3","100","0","true"
"256.3333333333333","100","15","true","256.3333333333333","100","0","true"
"256.3666666666667","100","15","true","256.3666666666667","100","0","true"
"256.4","100","15","true","256.4","100","0","true"
"256.43333333333334","100","15","true","256.43333333333334","100","0","true"
"256.46666666666664","100","15","true","256.46666666666664","100","0","true"
"256.5","100","15","true","256.5","100","0","true"
"256.53333333333336","100","15","true","256.53333333333336","100","0","true"
"256.56666666666666","100","15","true","256.56666666666666","100","0","true"
"256.6","100","15","true","256.6","100","0","true"
"256.6333333333333","100","15","true","256.6333333333333","100","0","true"
"256.6666666666667","100","15","true","256.6666666666667","100","0","true"
"256.7","100","15","true","256.7","100","0","true"
"256.73333333333335","100","15","true","256.73333333333335","100","0","true"
"256.76666666666665","100","15","true","256.76666666666665","100","0","true"
"256.8","100","15","true","256.8","100","0","true"
"256.8333333333333","100","15","true","256.8333333333333","100","0","true"
"256.8666666666667","100","15","true","256.8666666666667","100","0","true"
"256.9","100","15","true","256.9","100","0","true"
"256.93333333333334","100","15","true","256.93333333333334","100","0","true"
"256.96666666666664","100","15","true","256.96666666666664","100","0","true"
"257","100","15","true","257","100","0","true"
"257.03333333333336","100","15","true","257.03333333333336","100","0","true"
"257.06666666666666","100","15","true","257.06666666666666","100","0","true"
"257.1","100","15","true","257.1","100","0","true"
"257.1333333333333","100","15","true","257.1333333333333","100","0","true"
"257.1666666666667","100","15","true","257.1666666666667","100","0","true"
"257.2","100","15","true","257.2","100","0","true"
"257.23333333333335","100","15","true","257.23333333333335","100","0","true"
"257.26666666666665","100","15","true","257.26666666666665","100","0","true"
"257.3","100","15","true","257.3","100","0","true"
"257.3333333333333","100","15","true","257.3333333333333","100","0","true"
"257.3666666666667","100","15","true","257.3666666666667","100","0","true"
"257.4","100","15","true","257.4","100","0","true"
"257.43333333333334","100","15","true","257.43333333333334","100","0","true"
"257.46666666666664","100","15","true","257.46666666666664","100","0","true"
"257.5","100","15","true","257.5","100","0","true"
"257.53333333333336","100","15","true","257.53333333333336","100","0","true"
"257.56666666666666","100","15","true","257.56666666666666","100","0","true"
"257.6","100","15","true","257.6","100","0","true"
"257.6333333333333","100","15","true","257.6333333333333","100","0","true"
"257.6666666666667","100","15","true","257.6666666666667","100","0","true"
"257.7","100","15","true","257.7","100","0","true"
"257.73333333333335","100","15","true","257.73333333333335","100","0","true"
"257.76666666666665","100","15","true","257.76666666666665","100","0","true"
"257.8","100","15","true","257.8","100","0","true"
"257.8333333333333","100","15","true","257.8333333333333","100","0","true"
"257.8666666666667","100","15","true","257.8666666666667","100","0","true"
"257.9","100","15","true","257.9","100","0","true"
"257.93333333333334","100","15","true","257.93333333333334","100","0","true"
"257.96666666666664","100","15","true","257.96666666666664","100","0","true"
"258","100","15","true","258","100","0","true"
"258.03333333333336","100","15","true","258.03333333333336","100","0","true"
"258.06666666666666","100","15","true","258.06666666666666","100","0","true"
"258.1","100","15","true","258.1","100","0","true"
"258.1333333333333","100","15","true","258.1333333333333","100","0","true"
"258.1666666666667","100","15","true","258.1666666666667","100","0","true"
"258.2","100","15","true","258.2","100","0","true"
"258.23333333333335","100","15","true","258.23333333333335","100","0","true"
"258.26666666666665","100","15","true","258.26666666666665","100","0","true"
"258.3","100","15","true","258.3","100","0","true"
"258.3333333333333","100","15","true","258.3333333333333","100","0","true"
"258.3666666666667","100","15","true","258.3666666666667","100","0","true"
"258.4","100","15","true","258.4","100","0","true"
"258.43333333333334","100","15","true","258.43333333333334","100","0","true"
"258.46666666666664","100","15","true","258.46666666666664","100","0","true"
"258.5","100","15","true","258.5","100","0","true"
"258.53333333333336","100","15","true","258.53333333333336","100","0","true"
"258.56666666666666","100","15","true","258.56666666666666","100","0","true"
"258.6","100","15","true","258.6","100","0","true"
"258.6333333333333","100","15","true","258.6333333333333","100","0","true"
"258.6666666666667","100","15","true","258.6666666666667","100","0","true"
"258.7","100","15","true","258.7","100","0","true"
"258.73333333333335","100","15","true","258.73333333333335","100","0","true"
"258.76666666666665","100","15","true","258.76666666666665","100","0","true"
"258.8","100","15","true","258.8","100","0","true"
"258.8333333333333","100","15","true","258.8333333333333","100","0","true"
"258.8666666666667","100","15","true","258.8666666666667","100","0","true"
"258.9","100","15","true","258.9","100","0","true"
"258.93333333333334","100","15","true","258.93333333333334","100","0","true"
"258.96666666666664","100","15","true","258.96666666666664","100","0","true"
"259","100","15","true","259","100","0","true"
"259.03333333333336","100","15","true","259.03333333333336","100","0","true"
"259.06666666666666","100","15","true","259.06666666666666","100","0","true"
"259.1","100","15","true","259.1","100","0","true"
"259.1333333333333","100","15","true","259.1333333333333","100","0","true"
"259.1666666666667","100","15","true","259.1666666666667","100","0","true"
"259.2","100","15","true","259.2","100","0","true"
"259.23333333333335","100","15","true","259.23333333333335","100","0","true"
"259.26666666666665","100","15","true","259.26666666666665","100","0","true"
"259.3","100","15","true","259.3","100","0","true"
"259.3333333333333","100","15","true","259.3333333333333","100","0","true"
"259.3666666666667","100","15","true","259.3666666666667","100","0","true"
"259.4","100","15","true","259.4","100","0","true"
"259.43333333333334","100","15","true","259.43333333333334","100","0","true"
"259.46666666666664","100","15","true","259.46666666666664","100","0","true"
"259.5","100","15","true","259.5","100","0","true"
"259.53333333333336","100","15","true","259.53333333333336","100","0","true"
"259.56666666666666","100","15","true","259.56666666666666","100","0","true"
"259.6","100","15","true","259.6","100","0","true"
"259.6333333333333","100","15","true","259.6333333333333","100","0","true"
"259.6666666666667","100","15","true","259.6666666666667","100","0","true"
"259.7","100","15","true","259.7","100","0","true"
"259.73333333333335","100","15","true","259.73333333333335","100","0","true"
"259.76666666666665","100","15","true","259.76666666666665","100","0","true"
"259.8","100","15","true","259.8","100","0","true"
"259.8333333333333","100","15","true","259.8333333333333","100","0","true"
"259.8666666666667","100","15","true","259.8666666666667","100","0","true"
"259.9","100","15","true","259.9","100","0","true"
"259.93333333333334","100","15","true","259.93333333333334","100","0","true"
"259.96666666666664","100","15","true","259.96666666666664","100","0","true"
"260","100","15","true","260","100","0","true"
"260.03333333333336","100","15","true","260.03333333333336","100","0","true"
"260.06666666666666","100","15","true","260.06666666666666","100","0","true"
"260.1","100","15","true","260.1","100","0","true"
"260.1333333333333","100","15","true","260.1333333333333","100","0","true"
"260.1666666666667","100","15","true","260.1666666666667","100","0","true"
"260.2","100","15","true","260.2","100","0","true"
"260.23333333333335","100","15","true","260.23333333333335","100","0","true"
"260.26666666666665","100","15","true","260.26666666666665","100","0","true"
"260.3","100","15","true","260.3","100","0","true"
"260.3333333333333","100","15","true","260.3333333333333","100","0","true"
"260.3666666666667","100","15","true","260.3666666666667","100","0","true"
"260.4","100","15","true","260.4","100","0","true"
"260.43333333333334","100","15","true","260.43333333333334","100","0","true"
"260.46666666666664","100","15","true","260.46666666666664","100","0","true"
"260.5","100","15","true","260.5","100","0","true"
"260.53333333333336","100","15","true","260.53333333333336","100","0","true"
"260.56666666666666","100","15","true","260.56666666666666","100","0","true"
"260.6","100","15","true","260.6","100","0","true"
"260.6333333333333","100","15","true","260.6333333333333","100","0","true"
"260.6666666666667","100","15","true","260.6666666666667","100","0","true"
"260.7","100","15","true","260.7","100","0","true"
"260.73333333333335","100","15","true","260.73333333333335","100","0","true"
"260.76666666666665","100","15","true","260.76666666666665","100","0","true"
"260.8","100","15","true","260.8","100","0","true"
"260.8333333333333","100","15","true","260.8333333333333","100","0","true"
"260.8666666666667","100","15","true","260.8666666666667","100","0","true"
"260.9","100","15","true","260.9","100","0","true"
"260.93333333333334","100","15","true","260.93333333333334","100","0","true"
"260.96666666666664","100","15","true","260.96666666666664","100","0","true"
"261","100","15","true","261","100","0","true"
"261.03333333333336","100","15","true","261.03333333333336","100","0","true"
"261.06666666666666","100","15","true","261.06666666666666","100","0","true"
"261.1","100","15","true","261.1","100","0","true"
"261.1333333333333","100","15","true","261.1333333333333","100","0","true"
"261.1666666666667","100","15","true","261.1666666666667","100","0","true"
"261.2","100","15","true","261.2","100","0","true"
"261.23333333333335","100","15","true","261.23333333333335","100","0","true"
"261.26666666666665","100","15","true","261.26666666666665","100","0","true"
"261.3","100","15","true","261.3","100","0","true"
"261.3333333333333","100","15","true","261.3333333333333","100","0","true"
"261.3666666666667","100","15","true","261.3666666666667","100","0","true"
"261.4","100","15","true","261.4","100","0","true"
"261.43333333333334","100","15","true","261.43333333333334","100","0","true"
"261.46666666666664","100","15","true","261.46666666666664","100","0","true"
"261.5","100","15","true","261.5","100","0","true"
"261.53333333333336","100","15","true","261.53333333333336","100","0","true"
"261.56666666666666","100","15","true","261.56666666666666","100","0","true"
"261.6","100","15","true","261.6","100","0","true"
"261.6333333333333","100","15","true","261.6333333333333","100","0","true"
"261.6666666666667","100","15","true","261.6666666666667","100","0","true"
"261.7","100","15","true","261.7","100","0","true"
"261.73333333333335","100","15","true","261.73333333333335","100","0","true"
"261.76666666666665","100","15","true","261.76666666666665","100","0","true"
"261.8","100","15","true","261.8","100","0","true"
"261.8333333333333","100","15","true","261.8333333333333","100","0","true"
"261.8666666666667","100","15","true","261.8666666666667","100","0","true"
"261.9","100","15","true","261.9","100","0","true"
"261.93333333333334","100","15","true","261.93333333333334","100","0","true"
"261.96666666666664","100","15","true","261.96666666666664","100","0","true"
"262","100","15","true","262","100","0","true"
"262.03333333333336","100","15","true","262.03333333333336","100","0","true"
"262.06666666666666","100","15","true","262.06666666666666","100","0","true"
"262.1","100","15","true","262.1","100","0","true"
"262.1333333333333","100","15","true","262.1333333333333","100","0","true"
"262.1666666666667","100","15","true","262.1666666666667","100","0","true"
"262.2","100","15","true","262.2","100","0","true"
"262.23333333333335","100","15","true","262.23333333333335","100","0","true"
"262.26666666666665","100","15","true","262.26666666666665","100","0","true"
"262.3","100","15","true","262.3","100","0","true"
"262.3333333333333","100","15","true","262.3333333333333","100","0","true"
"262.3666666666667","100","15","true","262.3666666666667","100","0","true"
"262.4","100","15","true","262.4","100","0","true"
"262.43333333333334","100","15","true","262.43333333333334","100","0","true"
"262.46666666666664","100","15","true","262.46666666666664","100","0","true"
"262.5","100","15","true","262.5","100","0","true"
"262.53333333333336","100","15","true","262.53333333333336","100","0","true"
"262.56666666666666","100","15","true","262.56666666666666","100","0","true"
"262.6","100","15","true","262.6","100","0","true"
"262.6333333333333","100","15","true","262.6333333333333","100","0","true"
"262.6666666666667","100","15","true","262.6666666666667","100","0","true"
"262.7","100","15","true","262.7","100","0","true"
"262.73333333333335","100","15","true","262.73333333333335","100","0","true"
"262.76666666666665","100","15","true","262.76666666666665","100","0","true"
"262.8","100","15","true","262.8","100","0","true"
"262.8333333333333","100","15","true","262.8333333333333","100","0","true"
"262.8666666666667","100","15","true","262.8666666666667","100","0","true"
"262.9","100","15","true","262.9","100","0","true"
"262.93333333333334","100","15","true","262.93333333333334","100","0","true"
"262.96666666666664","100","15","true","262.96666666666664","100","0","true"
"263","100","15","true","263","100","0","true"
"263.03333333333336","100","15","true","263.03333333333336","100","0","true"
"263.06666666666666","100","15","true","263.06666666666666","100","0","true"
"263.1","100","15","true","263.1","100","0","true"
"263.1333333333333","100","15","true","263.1333333333333","100","0","true"
"263.1666666666667","100","15","true","263.1666666666667","100","0","true"
"263.2","100","15","true","263.2","100","0","true"
"263.23333333333335","100","15","true","263.23333333333335","100","0","true"
"263.26666666666665","100","15","true","263.26666666666665","100","0","true"
"263.3","100","15","true","263.3","100","0","true"
"263.3333333333333","100","15","true","263.3333333333333","100","0","true"
"263.3666666666667","100","15","true","263.3666666666667","100","0","true"
"263.4","100","15","true","263.4","100","0","true"
"263.43333333333334","100","15","true","263.43333333333334","100","0","true"
"263.46666666666664","100","15","true","263.46666666666664","100","0","true"
"263.5","100","15","true","263.5","100","0","true"
"263.53333333333336","100","15","true","263.53333333333336","100","0","true"
"263.56666666666666","100","15","true","263.56666666666666","100","0","true"
"263.6","100","15","true","263.6","100","0","true"
"263.6333333333333","100","15","true","263.6333333333333","100","0","true"
"263.6666666666667","100","15","true","263.6666666666667","100","0","true"
"263.7","100","15","true","263.7","100","0","true"
"263.73333333333335","100","15","true","263.73333333333335","100","0","true"
"263.76666666666665","100","15","true","263.76666666666665","100","0","true"
"263.8","100","15","true","263.8","100","0","true"
"263.8333333333333","100","15","true","263.8333333333333","100","0","true"
"263.8666666666667","100","15","true","263.8666666666667","100","0","true"
"263.9","100","15","true","263.9","100","0","true"
"263.93333333333334","100","15","true","263.93333333333334","100","0","true"
"263.96666666666664","100","15","true","263.96666666666664","100","0","true"
"264","100","15","true","264","100","0","true"
"264.03333333333336","100","15","true","264.03333333333336","100","0","true"
"264.06666666666666","100","15","true","264.06666666666666","100","0","true"
"264.1","100","15","true","264.1","100","0","true"
"264.1333333333333","100","15","true","264.1333333333333","100","0","true"
"264.1666666666667","100","15","true","264.1666666666667","100","0","true"
"264.2","100","15","true","264.2","100","0","true"
"264.23333333333335","100","15","true","264.23333333333335","100","0","true"
"264.26666666666665","100","15","true","264.26666666666665","100","0","true"
"264.3","100","15","true","264.3","100","0","true"
"264.3333333333333","100","15","true","264.3333333333333","100","0","true"
"264.3666666666667","100","15","true","264.3666666666667","100","0","true"
"264.4","100","15","true","264.4","100","0","true"
"264.43333333333334","100","15","true","264.43333333333334","100","0","true"
"264.46666666666664","100","15","true","264.46666666666664","100","0","true"
"264.5","100","15","true","264.5","100","0","true"
"264.53333333333336","100","15","true","264.53333333333336","100","0","true"
"264.56666666666666","100","15","true","264.56666666666666","100","0","true"
"264.6","100","15","true","264.6","100","0","true"
"264.6333333333333","100","15","true","264.6333333333333","100","0","true"
"264.6666666666667","100","15","true","264.6666666666667","100","0","true"
"264.7","100","15","true","264.7","100","0","true"
"264.73333333333335","100","15","true","264.73333333333335","100","0","true"
"264.76666666666665","100","15","true","264.76666666666665","100","0","true"
"264.8","100","15","true","264.8","100","0","true"
"264.8333333333333","100","15","true","264.8333333333333","100","0","true"
"264.8666666666667","100","15","true","264.8666666666667","100","0","true"
"264.9","100","15","true","264.9","100","0","true"
"264.93333333333334","100","15","true","264.93333333333334","100","0","true"
"264.96666666666664","100","15","true","264.96666666666664","100","0","true"
"265","100","15","true","265","100","0","true"
"265.03333333333336","100","15","true","265.03333333333336","100","0","true"
"265.06666666666666","100","15","true","265.06666666666666","100","0","true"
"265.1","100","15","true","265.1","100","0","true"
"265.1333333333333","100","15","true","265.1333333333333","100","0","true"
"265.1666666666667","100","15","true","265.1666666666667","100","0","true"
"265.2","100","15","true","265.2","100","0","true"
"265.23333333333335","100","15","true","265.23333333333335","100","0","true"
"265.26666666666665","100","15","true","265.26666666666665","100","0","true"
"265.3","100","15","true","265.3","100","0","true"
"265.3333333333333","100","15","true","265.3333333333333","100","0","true"
"265.3666666666667","100","15","true","265.3666666666667","100","0","true"
"265.4","100","15","true","265.4","100","0","true"
"265.43333333333334","100","15","true","265.43333333333334","100","0","true"
"265.46666666666664","100","15","true","265.46666666666664","100","0","true"
"265.5","100","15","true","265.5","100","0","true"
"265.53333333333336","100","15","true","265.53333333333336","100","0","true"
"265.56666666666666","100","15","true","265.56666666666666","100","0","true"
"265.6","100","15","true","265.6","100","0","true"
"265.6333333333333","100","15","true","265.6333333333333","100","0","true"
"265.6666666666667","100","15","true","265.6666666666667","100","0","true"
"265.7","100","15","true","265.7","100","0","true"
"265.73333333333335","100","15","true","265.73333333333335","100","0","true"
"265.76666666666665","100","15","true","265.76666666666665","100","0","true"
"265.8","100","15","true","265.8","100","0","true"
"265.8333333333333","100","15","true","265.8333333333333","100","0","true"
"265.8666666666667","100","15","true","265.8666666666667","100","0","true"
"265.9","100","15","true","265.9","100","0","true"
"265.93333333333334","100","15","true","265.93333333333334","100","0","true"
"265.96666666666664","100","15","true","265.96666666666664","100","0","true"
"266","100","15","true","266","100","0","true"
"266.03333333333336","100","15","true","266.03333333333336","100","0","true"
"266.06666666666666","100","15","true","266.06666666666666","100","0","true"
"266.1","100","15","true","266.1","100","0","true"
"266.1333333333333","100","15","true","266.1333333333333","100","0","true"
"266.1666666666667","100","15","true","266.1666666666667","100","0","true"
"266.2","100","15","true","266.2","100","0","true"
"266.23333333333335","100","15","true","266.23333333333335","100","0","true"
"266.26666666666665","100","15","true","266.26666666666665","100","0","true"
"266.3","100","15","true","266.3","100","0","true"
"266.3333333333333","100","15","true","266.3333333333333","100","0","true"
"266.3666666666667","100","15","true","266.3666666666667","100","0","true"
"266.4","100","15","true","266.4","100","0","true"
"266.43333333333334","100","15","true","266.43333333333334","100","0","true"
"266.46666666666664","100","15","true","266.46666666666664","100","0","true"
"266.5","100","15","true","266.5","100","0","true"
"266.53333333333336","100","15","true","266.53333333333336","100","0","true"
"266.56666666666666","100","15","true","266.56666666666666","100","0","true"
"266.6","100","15","true","266.6","100","0","true"
"266.6333333333333","100","15","true","266.6333333333333","100","0","true"
"266.6666666666667","100","15","true","266.6666666666667","100","0","true"
"266.7","100","15","true","266.7","100","0","true"
"266.73333333333335","100","15","true","266.73333333333335","100","0","true"
"266.76666666666665","100","15","true","266.76666666666665","100","0","true"
"266.8","100","15","true","266.8","100","0","true"
"266.8333333333333","100","15","true","266.8333333333333","100","0","true"
"266.8666666666667","100","15","true","266.8666666666667","100","0","true"
"266.9","100","15","true","266.9","100","0","true"
"266.93333333333334","100","15","true","266.93333333333334","100","0","true"
"266.96666666666664","100","15","true","266.96666666666664","100","0","true"
"267","100","15","true","267","100","0","true"
"267.03333333333336","100","15","true","267.03333333333336","100","0","true"
"267.06666666666666","100","15","true","267.06666666666666","100","0","true"
"267.1","100","15","true","267.1","100","0","true"
"267.1333333333333","100","15","true","267.1333333333333","100","0","true"
"267.1666666666667","100","15","true","267.1666666666667","100","0","true"
"267.2","100","15","true","267.2","100","0","true"
"267.23333333333335","100","15","true","267.23333333333335","100","0","true"
"267.26666666666665","100","15","true","267.26666666666665","100","0","true"
"267.3","100","15","true","267.3","100","0","true"
"267.3333333333333","100","15","true","267.3333333333333","100","0","true"
"267.3666666666667","100","15","true","267.3666666666667","100","0","true"
"267.4","100","15","true","267.4","100","0","true"
"267.43333333333334","100","15","true","267.43333333333334","100","0","true"
"267.46666666666664","100","15","true","267.46666666666664","100","0","true"
"267.5","100","15","true","267.5","100","0","true"
"267.53333333333336","100","15","true","267.53333333333336","100","0","true"
"267.56666666666666","100","15","true","267.56666666666666","100","0","true"
"267.6","100","15","true","267.6","100","0","true"
"267.6333333333333","100","15","true","267.6333333333333","100","0","true"
"267.6666666666667","100","15","true","267.6666666666667","100","0","true"
"267.7","100","15","true","267.7","100","0","true"
"267.73333333333335","100","15","true","267.73333333333335","100","0","true"
"267.76666666666665","100","15","true","267.76666666666665","100","0","true"
"267.8","100","15","true","267.8","100","0","true"
"267.8333333333333","100","15","true","267.8333333333333","100","0","true"
"267.8666666666667","100","15","true","267.8666666666667","100","0","true"
"267.9","100","15","true","267.9","100","0","true"
"267.93333333333334","100","15","true","267.93333333333334","100","0","true"
"267.96666666666664","100","15","true","267.96666666666664","100","0","true"
"268","100","15","true","268","100","0","true"
"268.03333333333336","100","15","true","268.03333333333336","100","0","true"
"268.06666666666666","100","15","true","268.06666666666666","100","0","true"
"268.1","100","15","true","268.1","100","0","true"
"268.1333333333333","100","15","true","268.1333333333333","100","0","true"
"268.1666666666667","100","15","true","268.1666666666667","100","0","true"
"268.2","100","15","true","268.2","100","0","true"
"268.23333333333335","100","15","true","268.23333333333335","100","0","true"
"268.26666666666665","100","15","true","268.26666666666665","100","0","true"
"268.3","100","15","true","268.3","100","0","true"
"268.3333333333333","100","15","true","268.3333333333333","100","0","true"
"268.3666666666667","100","15","true","268.3666666666667","100","0","true"
"268.4","100","15","true","268.4","100","0","true"
"268.43333333333334","100","15","true","268.43333333333334","100","0","true"
"268.46666666666664","100","15","true","268.46666666666664","100","0","true"
"268.5","100","15","true","268.5","100","0","true"
"268.53333333333336","100","15","true","268.53333333333336","100","0","true"
"268.56666666666666","100","15","true","268.56666666666666","100","0","true"
"268.6","100","15","true","268.6","100","0","true"
"268.6333333333333","100","15","true","268.6333333333333","100","0","true"
"268.6666666666667","100","15","true","268.6666666666667","100","0","true"
"268.7","100","15","true","268.7","100","0","true"
"268.73333333333335","100","15","true","268.73333333333335","100","0","true"
"268.76666666666665","100","15","true","268.76666666666665","100","0","true"
"268.8","100","15","true","268.8","100","0","true"
"268.8333333333333","100","15","true","268.8333333333333","100","0","true"
"268.8666666666667","100","15","true","268.8666666666667","100","0","true"
"268.9","100","15","true","268.9","100","0","true"
"268.93333333333334","100","15","true","268.93333333333334","100","0","true"
"268.96666666666664","100","15","true","268.96666666666664","100","0","true"
"269","100","15","true","269","100","0","true"
"269.03333333333336","100","15","true","269.03333333333336","100","0","true"
"269.06666666666666","100","15","true","269.06666666666666","100","0","true"
"269.1","100","15","true","269.1","100","0","true"
"269.1333333333333","100","15","true","269.1333333333333","100","0","true"
"269.1666666666667","100","15","true","269.1666666666667","100","0","true"
"269.2","100","15","true","269.2","100","0","true"
"269.23333333333335","100","15","true","269.23333333333335","100","0","true"
"269.26666666666665","100","15","true","269.26666666666665","100","0","true"
"269.3","100","15","true","269.3","100","0","true"
"269.3333333333333","100","15","true","269.3333333333333","100","0","true"
"269.3666666666667","100","15","true","269.3666666666667","100","0","true"
"269.4","100","15","true","269.4","100","0","true"
"269.43333333333334","100","15","true","269.43333333333334","100","0","true"
"269.46666666666664","100","15","true","269.46666666666664","100","0","true"
"269.5","100","15","true","269.5","100","0","true"
"269.53333333333336","100","15","true","269.53333333333336","100","0","true"
"269.56666666666666","100","15","true","269.56666666666666","100","0","true"
"269.6","100","15","true","269.6","100","0","true"
"269.6333333333333","100","15","true","269.6333333333333","100","0","true"
"269.6666666666667","100","15","true","269.6666666666667","100","0","true"
"269.7","100","15","true","269.7","100","0","true"
"269.73333333333335","100","15","true","269.73333333333335","100","0","true"
"269.76666666666665","100","15","true","269.76666666666665","100","0","true"
"269.8","100","15","true","269.8","100","0","true"
"269.8333333333333","100","15","true","269.8333333333333","100","0","true"
"269.8666666666667","100","15","true","269.8666666666667","100","0","true"
"269.9","100","15","true","269.9","100","0","true"
"269.93333333333334","100","15","true","269.93333333333334","100","0","true"
"269.96666666666664","100","15","true","269.96666666666664","100","0","true"
"270","100","15","true","270","100","0","true"
"270.03333333333336","100","15","true","270.03333333333336","100","0","true"
"270.06666666666666","100","15","true","270.06666666666666","100","0","true"
"270.1","100","15","true","270.1","100","0","true"
"270.1333333333333","100","15","true","270.1333333333333","100","0","true"
"270.1666666666667","100","15","true","270.1666666666667","100","0","true"
"270.2","100","15","true","270.2","100","0","true"
"270.23333333333335","100","15","true","270.23333333333335","100","0","true"
"270.26666666666665","100","15","true","270.26666666666665","100","0","true"
"270.3","100","15","true","270.3","100","0","true"
"270.3333333333333","100","15","true","270.3333333333333","100","0","true"
"270.3666666666667","100","15","true","270.3666666666667","100","0","true"
"270.4","100","15","true","270.4","100","0","true"
"270.43333333333334","100","15","true","270.43333333333334","100","0","true"
"270.46666666666664","100","15","true","270.46666666666664","100","0","true"
"270.5","100","15","true","270.5","100","0","true"
"270.53333333333336","100","15","true","270.53333333333336","100","0","true"
"270.56666666666666","100","15","true","270.56666666666666","100","0","true"
"270.6","100","15","true","270.6","100","0","true"
"270.6333333333333","100","15","true","270.6333333333333","100","0","true"
"270.6666666666667","100","15","true","270.6666666666667","100","0","true"
"270.7","100","15","true","270.7","100","0","true"
"270.73333333333335","100","15","true","270.73333333333335","100","0","true"
"270.76666666666665","100","15","true","270.76666666666665","100","0","true"
"270.8","100","15","true","270.8","100","0","true"
"270.8333333333333","100","15","true","270.8333333333333","100","0","true"
"270.8666666666667","100","15","true","270.8666666666667","100","0","true"
"270.9","100","15","true","270.9","100","0","true"
"270.93333333333334","100","15","true","270.93333333333334","100","0","true"
"270.96666666666664","100","15","true","270.96666666666664","100","0","true"
"271","100","15","true","271","100","0","true"
"271.03333333333336","100","15","true","271.03333333333336","100","0","true"
"271.06666666666666","100","15","true","271.06666666666666","100","0","true"
"271.1","100","15","true","271.1","100","0","true"
"271.1333333333333","100","15","true","271.1333333333333","100","0","true"
"271.1666666666667","100","15","true","271.1666666666667","100","0","true"
"271.2","100","15","true","271.2","100","0","true"
"271.23333333333335","100","15","true","271.23333333333335","100","0","true"
"271.26666666666665","100","15","true","271.26666666666665","100","0","true"
"271.3","100","15","true","271.3","100","0","true"
"271.3333333333333","100","15","true","271.3333333333333","100","0","true"
"271.3666666666667","100","15","true","271.3666666666667","100","0","true"
"271.4","100","15","true","271.4","100","0","true"
"271.43333333333334","100","15","true","271.43333333333334","100","0","true"
"271.46666666666664","100","15","true","271.46666666666664","100","0","true"
"271.5","100","15","true","271.5","100","0","true"
"271.53333333333336","100","15","true","271.53333333333336","100","0","true"
"271.56666666666666","100","15","true","271.56666666666666","100","0","true"
"271.6","100","15","true","271.6","100","0","true"
"271.6333333333333","100","15","true","271.6333333333333","100","0","true"
"271.6666666666667","100","15","true","271.6666666666667","100","0","true"
"271.7","100","15","true","271.7","100","0","true"
"271.73333333333335","100","15","true","271.73333333333335","100","0","true"
"271.76666666666665","100","15","true","271.76666666666665","100","0","true"
"271.8","100","15","true","271.8","100","0","true"
"271.8333333333333","100","15","true","271.8333333333333","100","0","true"
"271.8666666666667","100","15","true","271.8666666666667","100","0","true"
"271.9","100","15","true","271.9","100","0","true"
"271.93333333333334","100","15","true","271.93333333333334","100","0","true"
"271.96666666666664","100","15","true","271.96666666666664","100","0","true"
"272","100","15","true","272","100","0","true"
"272.03333333333336","100","15","true","272.03333333333336","100","0","true"
"272.06666666666666","100","15","true","272.06666666666666","100","0","true"
"272.1","100","15","true","272.1","100","0","true"
"272.1333333333333","100","15","true","272.1333333333333","100","0","true"
"272.1666666666667","100","15","true","272.1666666666667","100","0","true"
"272.2","100","15","true","272.2","100","0","true"
"272.23333333333335","100","15","true","272.23333333333335","100","0","true"
"272.26666666666665","100","15","true","272.26666666666665","100","0","true"
"272.3","100","15","true","272.3","100","0","true"
"272.3333333333333","100","15","true","272.3333333333333","100","0","true"
"272.3666666666667","100","15","true","272.3666666666667","100","0","true"
"272.4","100","15","true","272.4","100","0","true"
"272.43333333333334","100","15","true","272.43333333333334","100","0","true"
"272.46666666666664","100","15","true","272.46666666666664","100","0","true"
"272.5","100","15","true","272.5","100","0","true"
"272.53333333333336","100","15","true","272.53333333333336","100","0","true"
"272.56666666666666","100","15","true","272.56666666666666","100","0","true"
"272.6","100","15","true","272.6","100","0","true"
"272.6333333333333","100","15","true","272.6333333333333","100","0","true"
"272.6666666666667","100","15","true","272.6666666666667","100","0","true"
"272.7","100","15","true","272.7","100","0","true"
"272.73333333333335","100","15","true","272.73333333333335","100","0","true"
"272.76666666666665","100","15","true","272.76666666666665","100","0","true"
"272.8","100","15","true","272.8","100","0","true"
"272.8333333333333","100","15","true","272.8333333333333","100","0","true"
"272.8666666666667","100","15","true","272.8666666666667","100","0","true"
"272.9","100","15","true","272.9","100","0","true"
"272.93333333333334","100","15","true","272.93333333333334","100","0","true"
"272.96666666666664","100","15","true","272.96666666666664","100","0","true"
"273","100","15","true","273","100","0","true"
"273.03333333333336","100","15","true","273.03333333333336","100","0","true"
"273.06666666666666","100","15","true","273.06666666666666","100","0","true"
"273.1","100","15","true","273.1","100","0","true"
"273.1333333333333","100","15","true","273.1333333333333","100","0","true"
"273.1666666666667","100","15","true","273.1666666666667","100","0","true"
"273.2","100","15","true","273.2","100","0","true"
"273.23333333333335","100","15","true","273.23333333333335","100","0","true"
"273.26666666666665","100","15","true","273.26666666666665","100","0","true"
"273.3","100","15","true","273.3","100","0","true"
"273.3333333333333","100","15","true","273.3333333333333","100","0","true"
"273.3666666666667","100","15","true","273.3666666666667","100","0","true"
"273.4","100","15","true","273.4","100","0","true"
"273.43333333333334","100","15","true","273.43333333333334","100","0","true"
"273.46666666666664","100","15","true","273.46666666666664","100","0","true"
"273.5","100","15","true","273.5","100","0","true"
"273.53333333333336","100","15","true","273.53333333333336","100","0","true"
"273.56666666666666","100","15","true","273.56666666666666","100","0","true"
"273.6","100","15","true","273.6","100","0","true"
"273.6333333333333","100","15","true","273.6333333333333","100","0","true"
"273.6666666666667","100","15","true","273.6666666666667","100","0","true"
"273.7","100","15","true","273.7","100","0","true"
"273.73333333333335","100","15","true","273.73333333333335","100","0","true"
"273.76666666666665","100","15","true","273.76666666666665","100","0","true"
"273.8","100","15","true","273.8","100","0","true"
"273.8333333333333","100","15","true","273.8333333333333","100","0","true"
"273.8666666666667","100","15","true","273.8666666666667","100","0","true"
"273.9","100","15","true","273.9","100","0","true"
"273.93333333333334","100","15","true","273.93333333333334","100","0","true"
"273.96666666666664","100","15","true","273.96666666666664","100","0","true"
"274","100","15","true","274","100","0","true"
"274.03333333333336","100","15","true","274.03333333333336","100","0","true"
"274.06666666666666","100","15","true","274.06666666666666","100","0","true"
"274.1","100","15","true","274.1","100","0","true"
"274.1333333333333","100","15","true","274.1333333333333","100","0","true"
"274.1666666666667","100","15","true","274.1666666666667","100","0","true"
"274.2","100","15","true","274.2","100","0","true"
"274.23333333333335","100","15","true","274.23333333333335","100","0","true"
"274.26666666666665","100","15","true","274.26666666666665","100","0","true"
"274.3","100","15","true","274.3","100","0","true"
"274.3333333333333","100","15","true","274.3333333333333","100","0","true"
"274.3666666666667","100","15","true","274.3666666666667","100","0","true"
"274.4","100","15","true","274.4","100","0","true"
"274.43333333333334","100","15","true","274.43333333333334","100","0","true"
"274.46666666666664","100","15","true","274.46666666666664","100","0","true"
"274.5","100","15","true","274.5","100","0","true"
"274.53333333333336","100","15","true","274.53333333333336","100","0","true"
"274.56666666666666","100","15","true","274.56666666666666","100","0","true"
"274.6","100","15","true","274.6","100","0","true"
"274.6333333333333","100","15","true","274.6333333333333","100","0","true"
"274.6666666666667","100","15","true","274.6666666666667","100","0","true"
"274.7","100","15","true","274.7","100","0","true"
"274.73333333333335","100","15","true","274.73333333333335","100","0","true"
"274.76666666666665","100","15","true","274.76666666666665","100","0","true"
"274.8","100","15","true","274.8","100","0","true"
"274.8333333333333","100","15","true","274.8333333333333","100","0","true"
"274.8666666666667","100","15","true","274.8666666666667","100","0","true"
"274.9","100","15","true","274.9","100","0","true"
"274.93333333333334","100","15","true","274.93333333333334","100","0","true"
"274.96666666666664","100","15","true","274.96666666666664","100","0","true"
"275","100","15","true","275","100","0","true"
"275.03333333333336","100","15","true","275.03333333333336","100","0","true"
"275.06666666666666","100","15","true","275.06666666666666","100","0","true"
"275.1","100","15","true","275.1","100","0","true"
"275.1333333333333","100","15","true","275.1333333333333","100","0","true"
"275.1666666666667","100","15","true","275.1666666666667","100","0","true"
"275.2","100","15","true","275.2","100","0","true"
"275.23333333333335","100","15","true","275.23333333333335","100","0","true"
"275.26666666666665","100","15","true","275.26666666666665","100","0","true"
"275.3","100","15","true","275.3","100","0","true"
"275.3333333333333","100","15","true","275.3333333333333","100","0","true"
"275.3666666666667","100","15","true","275.3666666666667","100","0","true"
"275.4","100","15","true","275.4","100","0","true"
"275.43333333333334","100","15","true","275.43333333333334","100","0","true"
"275.46666666666664","100","15","true","275.46666666666664","100","0","true"
"275.5","100","15","true","275.5","100","0","true"
"275.53333333333336","100","15","true","275.53333333333336","100","0","true"
"275.56666666666666","100","15","true","275.56666666666666","100","0","true"
"275.6","100","15","true","275.6","100","0","true"
"275.6333333333333","100","15","true","275.6333333333333","100","0","true"
"275.6666666666667","100","15","true","275.6666666666667","100","0","true"
"275.7","100","15","true","275.7","100","0","true"
"275.73333333333335","100","15","true","275.73333333333335","100","0","true"
"275.76666666666665","100","15","true","275.76666666666665","100","0","true"
"275.8","100","15","true","275.8","100","0","true"
"275.8333333333333","100","15","true","275.8333333333333","100","0","true"
"275.8666666666667","100","15","true","275.8666666666667","100","0","true"
"275.9","100","15","true","275.9","100","0","true"
"275.93333333333334","100","15","true","275.93333333333334","100","0","true"
"275.96666666666664","100","15","true","275.96666666666664","100","0","true"
"276","100","15","true","276","100","0","true"
"276.03333333333336","100","15","true","276.03333333333336","100","0","true"
"276.06666666666666","100","15","true","276.06666666666666","100","0","true"
"276.1","100","15","true","276.1","100","0","true"
"276.1333333333333","100","15","true","276.1333333333333","100","0","true"
"276.1666666666667","100","15","true","276.1666666666667","100","0","true"
"276.2","100","15","true","276.2","100","0","true"
"276.23333333333335","100","15","true","276.23333333333335","100","0","true"
"276.26666666666665","100","15","true","276.26666666666665","100","0","true"
"276.3","100","15","true","276.3","100","0","true"
"276.3333333333333","100","15","true","276.3333333333333","100","0","true"
"276.3666666666667","100","15","true","276.3666666666667","100","0","true"
"276.4","100","15","true","276.4","100","0","true"
"276.43333333333334","100","15","true","276.43333333333334","100","0","true"
"276.46666666666664","100","15","true","276.46666666666664","100","0","true"
"276.5","100","15","true","276.5","100","0","true"
"276.53333333333336","100","15","true","276.53333333333336","100","0","true"
"276.56666666666666","100","15","true","276.56666666666666","100","0","true"
"276.6","100","15","true","276.6","100","0","true"
"276.6333333333333","100","15","true","276.6333333333333","100","0","true"
"276.6666666666667","100","15","true","276.6666666666667","100","0","true"
"276.7","100","15","true","276.7","100","0","true"
"276.73333333333335","100","15","true","276.73333333333335","100","0","true"
"276.76666666666665","100","15","true","276.76666666666665","100","0","true"
"276.8","100","15","true","276.8","100","0","true"
"276.8333333333333","100","15","true","276.8333333333333","100","0","true"
"276.8666666666667","100","15","true","276.8666666666667","100","0","true"
"276.9","100","15","true","276.9","100","0","true"
"276.93333333333334","100","15","true","276.93333333333334","100","0","true"
"276.96666666666664","100","15","true","276.96666666666664","100","0","true"
"277","100","15","true","277","100","0","true"
"277.03333333333336","100","15","true","277.03333333333336","100","0","true"
"277.06666666666666","100","15","true","277.06666666666666","100","0","true"
"277.1","100","15","true","277.1","100","0","true"
"277.1333333333333","100","15","true","277.1333333333333","100","0","true"
"277.1666666666667","100","15","true","277.1666666666667","100","0","true"
"277.2","100","15","true","277.2","100","0","true"
"277.23333333333335","100","15","true","277.23333333333335","100","0","true"
"277.26666666666665","100","15","true","277.26666666666665","100","0","true"
"277.3","100","15","true","277.3","100","0","true"
"277.3333333333333","100","15","true","277.3333333333333","100","0","true"
"277.3666666666667","100","15","true","277.3666666666667","100","0","true"
"277.4","100","15","true","277.4","100","0","true"
"277.43333333333334","100","15","true","277.43333333333334","100","0","true"
"277.46666666666664","100","15","true","277.46666666666664","100","0","true"
"277.5","100","15","true","277.5","100","0","true"
"277.53333333333336","100","15","true","277.53333333333336","100","0","true"
"277.56666666666666","100","15","true","277.56666666666666","100","0","true"
"277.6","100","15","true","277.6","100","0","true"
"277.6333333333333","100","15","true","277.6333333333333","100","0","true"
"277.6666666666667","100","15","true","277.6666666666667","100","0","true"
"277.7","100","15","true","277.7","100","0","true"
"277.73333333333335","100","15","true","277.73333333333335","100","0","true"
"277.76666666666665","100","15","true","277.76666666666665","100","0","true"
"277.8","100","15","true","277.8","100","0","true"
"277.8333333333333","100","15","true","277.8333333333333","100","0","true"
"277.8666666666667","100","15","true","277.8666666666667","100","0","true"
"277.9","100","15","true","277.9","100","0","true"
"277.93333333333334","100","15","true","277.93333333333334","100","0","true"
"277.96666666666664","100","15","true","277.96666666666664","100","0","true"
"278","100","15","true","278","100","0","true"
"278.03333333333336","100","15","true","278.03333333333336","100","0","true"
"278.06666666666666","100","15","true","278.06666666666666","100","0","true"
"278.1","100","15","true","278.1","100","0","true"
"278.1333333333333","100","15","true","278.1333333333333","100","0","true"
"278.1666666666667","100","15","true","278.1666666666667","100","0","true"
"278.2","100","15","true","278.2","100","0","true"
"278.23333333333335","100","15","true","278.23333333333335","100","0","true"
"278.26666666666665","100","15","true","278.26666666666665","100","0","true"
"278.3","100","15","true","278.3","100","0","true"
"278.3333333333333","100","15","true","278.3333333333333","100","0","true"
"278.3666666666667","100","15","true","278.3666666666667","100","0","true"
"278.4","100","15","true","278.4","100","0","true"
"278.43333333333334","100","15","true","278.43333333333334","100","0","true"
"278.46666666666664","100","15","true","278.46666666666664","100","0","true"
"278.5","100","15","true","278.5","100","0","true"
"278.53333333333336","100","15","true","278.53333333333336","100","0","true"
"278.56666666666666","100","15","true","278.56666666666666","100","0","true"
"278.6","100","15","true","278.6","100","0","true"
"278.6333333333333","100","15","true","278.6333333333333","100","0","true"
"278.6666666666667","100","15","true","278.6666666666667","100","0","true"
"278.7","100","15","true","278.7","100","0","true"
"278.73333333333335","100","15","true","278.73333333333335","100","0","true"
"278.76666666666665","100","15","true","278.76666666666665","100","0","true"
"278.8","100","15","true","278.8","100","0","true"
"278.8333333333333","100","15","true","278.8333333333333","100","0","true"
"278.8666666666667","100","15","true","278.8666666666667","100","0","true"
"278.9","100","15","true","278.9","100","0","true"
"278.93333333333334","100","15","true","278.93333333333334","100","0","true"
"278.96666666666664","100","15","true","278.96666666666664","100","0","true"
"279","100","15","true","279","100","0","true"
"279.03333333333336","100","15","true","279.03333333333336","100","0","true"
"279.06666666666666","100","15","true","279.06666666666666","100","0","true"
"279.1","100","15","true","279.1","100","0","true"
"279.1333333333333","100","15","true","279.1333333333333","100","0","true"
"279.1666666666667","100","15","true","279.1666666666667","100","0","true"
"279.2","100","15","true","279.2","100","0","true"
"279.23333333333335","100","15","true","279.23333333333335","100","0","true"
"279.26666666666665","100","15","true","279.26666666666665","100","0","true"
"279.3","100","15","true","279.3","100","0","true"
"279.3333333333333","100","15","true","279.3333333333333","100","0","true"
"279.3666666666667","100","15","true","279.3666666666667","100","0","true"
"279.4","100","15","true","279.4","100","0","true"
"279.43333333333334","100","15","true","279.43333333333334","100","0","true"
"279.46666666666664","100","15","true","279.46666666666664","100","0","true"
"279.5","100","15","true","279.5","100","0","true"
"279.53333333333336","100","15","true","279.53333333333336","100","0","true"
"279.56666666666666","100","15","true","279.56666666666666","100","0","true"
"279.6","100","15","true","279.6","100","0","true"
"279.6333333333333","100","15","true","279.6333333333333","100","0","true"
"279.6666666666667","100","15","true","279.6666666666667","100","0","true"
"279.7","100","15","true","279.7","100","0","true"
"279.73333333333335","100","15","true","279.73333333333335","100","0","true"
"279.76666666666665","100","15","true","279.76666666666665","100","0","true"
"279.8","100","15","true","279.8","100","0","true"
"279.8333333333333","100","15","true","279.8333333333333","100","0","true"
"279.8666666666667","100","15","true","279.8666666666667","100","0","true"
"279.9","100","15","true","279.9","100","0","true"
"279.93333333333334","100","15","true","279.93333333333334","100","0","true"
"279.96666666666664","100","15","true","279.96666666666664","100","0","true"
"280","100","15","true","280","100","0","true"
"280.03333333333336","100","15","true","280.03333333333336","100","0","true"
"280.06666666666666","100","15","true","280.06666666666666","100","0","true"
"280.1","100","15","true","280.1","100","0","true"
"280.1333333333333","100","15","true","280.1333333333333","100","0","true"
"280.1666666666667","100","15","true","280.1666666666667","100","0","true"
"280.2","100","15","true","280.2","100","0","true"
"280.23333333333335","100","15","true","280.23333333333335","100","0","true"
"280.26666666666665","100","15","true","280.26666666666665","100","0","true"
"280.3","100","15","true","280.3","100","0","true"
"280.3333333333333","100","15","true","280.3333333333333","100","0","true"
"280.3666666666667","100","15","true","280.3666666666667","100","0","true"
"280.4","100","15","true","280.4","100","0","true"
"280.43333333333334","100","15","true","280.43333333333334","100","0","true"
"280.46666666666664","100","15","true","280.46666666666664","100","0","true"
"280.5","100","15","true","280.5","100","0","true"
"280.53333333333336","100","15","true","280.53333333333336","100","0","true"
"280.56666666666666","100","15","true","280.56666666666666","100","0","true"
"280.6","100","15","true","280.6","100","0","true"
"280.6333333333333","100","15","true","280.6333333333333","100","0","true"
"280.6666666666667","100","15","true","280.6666666666667","100","0","true"
"280.7","100","15","true","280.7","100","0","true"
"280.73333333333335","100","15","true","280.73333333333335","100","0","true"
"280.76666666666665","100","15","true","280.76666666666665","100","0","true"
"280.8","100","15","true","280.8","100","0","true"
"280.8333333333333","100","15","true","280.8333333333333","100","0","true"
"280.8666666666667","100","15","true","280.8666666666667","100","0","true"
"280.9","100","15","true","280.9","100","0","true"
"280.93333333333334","100","15","true","280.93333333333334","100","0","true"
"280.96666666666664","100","15","true","280.96666666666664","100","0","true"
"281","100","15","true","281","100","0","true"
"281.03333333333336","100","15","true","281.03333333333336","100","0","true"
"281.06666666666666","100","15","true","281.06666666666666","100","0","true"
"281.1","100","15","true","281.1","100","0","true"
"281.1333333333333","100","15","true","281.1333333333333","100","0","true"
"281.1666666666667","100","15","true","281.1666666666667","100","0","true"
"281.2","100","15","true","281.2","100","0","true"
"281.23333333333335","100","15","true","281.23333333333335","100","0","true"
"281.26666666666665","100","15","true","281.26666666666665","100","0","true"
"281.3","100","15","true","281.3","100","0","true"
"281.3333333333333","100","15","true","281.3333333333333","100","0","true"
"281.3666666666667","100","15","true","281.3666666666667","100","0","true"
"281.4","100","15","true","281.4","100","0","true"
"281.43333333333334","100","15","true","281.43333333333334","100","0","true"
"281.46666666666664","100","15","true","281.46666666666664","100","0","true"
"281.5","100","15","true","281.5","100","0","true"
"281.53333333333336","100","15","true","281.53333333333336","100","0","true"
"281.56666666666666","100","15","true","281.56666666666666","100","0","true"
"281.6","100","15","true","281.6","100","0","true"
"281.6333333333333","100","15","true","281.6333333333333","100","0","true"
"281.6666666666667","100","15","true","281.6666666666667","100","0","true"
"281.7","100","15","true","281.7","100","0","true"
"281.73333333333335","100","15","true","281.73333333333335","100","0","true"
"281.76666666666665","100","15","true","281.76666666666665","100","0","true"
"281.8","100","15","true","281.8","100","0","true"
"281.8333333333333","100","15","true","281.8333333333333","100","0","true"
"281.8666666666667","100","15","true","281.8666666666667","100","0","true"
"281.9","100","15","true","281.9","100","0","true"
"281.93333333333334","100","15","true","281.93333333333334","100","0","true"
"281.96666666666664","100","15","true","281.96666666666664","100","0","true"
"282","100","15","true","282","100","0","true"
"282.03333333333336","100","15","true","282.03333333333336","100","0","true"
"282.06666666666666","100","15","true","282.06666666666666","100","0","true"
"282.1","100","15","true","282.1","100","0","true"
"282.1333333333333","100","15","true","282.1333333333333","100","0","true"
"282.1666666666667","100","15","true","282.1666666666667","100","0","true"
"282.2","100","15","true","282.2","100","0","true"
"282.23333333333335","100","15","true","282.23333333333335","100","0","true"
"282.26666666666665","100","15","true","282.26666666666665","100","0","true"
"282.3","100","15","true","282.3","100","0","true"
"282.3333333333333","100","15","true","282.3333333333333","100","0","true"
"282.3666666666667","100","15","true","282.3666666666667","100","0","true"
"282.4","100","15","true","282.4","100","0","true"
"282.43333333333334","100","15","true","282.43333333333334","100","0","true"
"282.46666666666664","100","15","true","282.46666666666664","100","0","true"
"282.5","100","15","true","282.5","100","0","true"
"282.53333333333336","100","15","true","282.53333333333336","100","0","true"
"282.56666666666666","100","15","true","282.56666666666666","100","0","true"
"282.6","100","15","true","282.6","100","0","true"
"282.6333333333333","100","15","true","282.6333333333333","100","0","true"
"282.6666666666667","100","15","true","282.6666666666667","100","0","true"
"282.7","100","15","true","282.7","100","0","true"
"282.73333333333335","100","15","true","282.73333333333335","100","0","true"
"282.76666666666665","100","15","true","282.76666666666665","100","0","true"
"282.8","100","15","true","282.8","100","0","true"
"282.8333333333333","100","15","true","282.8333333333333","100","0","true"
"282.8666666666667","100","15","true","282.8666666666667","100","0","true"
"282.9","100","15","true","282.9","100","0","true"
"282.93333333333334","100","15","true","282.93333333333334","100","0","true"
"282.96666666666664","100","15","true","282.96666666666664","100","0","true"
"283","100","15","true","283","100","0","true"
"283.03333333333336","100","15","true","283.03333333333336","100","0","true"
"283.06666666666666","100","15","true","283.06666666666666","100","0","true"
"283.1","100","15","true","283.1","100","0","true"
"283.1333333333333","100","15","true","283.1333333333333","100","0","true"
"283.1666666666667","100","15","true","283.1666666666667","100","0","true"
"283.2","100","15","true","283.2","100","0","true"
"283.23333333333335","100","15","true","283.23333333333335","100","0","true"
"283.26666666666665","100","15","true","283.26666666666665","100","0","true"
"283.3","100","15","true","283.3","100","0","true"
"283.3333333333333","100","15","true","283.3333333333333","100","0","true"
"283.3666666666667","100","15","true","283.3666666666667","100","0","true"
"283.4","100","15","true","283.4","100","0","true"
"283.43333333333334","100","15","true","283.43333333333334","100","0","true"
"283.46666666666664","100","15","true","283.46666666666664","100","0","true"
"283.5","100","15","true","283.5","100","0","true"
"283.53333333333336","100","15","true","283.53333333333336","100","0","true"
"283.56666666666666","100","15","true","283.56666666666666","100","0","true"
"283.6","100","15","true","283.6","100","0","true"
"283.6333333333333","100","15","true","283.6333333333333","100","0","true"
"283.6666666666667","100","15","true","283.6666666666667","100","0","true"
"283.7","100","15","true","283.7","100","0","true"
"283.73333333333335","100","15","true","283.73333333333335","100","0","true"
"283.76666666666665","100","15","true","283.76666666666665","100","0","true"
"283.8","100","15","true","283.8","100","0","true"
"283.8333333333333","100","15","true","283.8333333333333","100","0","true"
"283.8666666666667","100","15","true","283.8666666666667","100","0","true"
"283.9","100","15","true","283.9","100","0","true"
"283.93333333333334","100","15","true","283.93333333333334","100","0","true"
"283.96666666666664","100","15","true","283.96666666666664","100","0","true"
"284","100","15","true","284","100","0","true"
"284.03333333333336","100","15","true","284.03333333333336","100","0","true"
"284.06666666666666","100","15","true","284.06666666666666","100","0","true"
"284.1","100","15","true","284.1","100","0","true"
"284.1333333333333","100","15","true","284.1333333333333","100","0","true"
"284.1666666666667","100","15","true","284.1666666666667","100","0","true"
"284.2","100","15","true","284.2","100","0","true"
"284.23333333333335","100","15","true","284.23333333333335","100","0","true"
"284.26666666666665","100","15","true","284.26666666666665","100","0","true"
"284.3","100","15","true","284.3","100","0","true"
"284.3333333333333","100","15","true","284.3333333333333","100","0","true"
"284.3666666666667","100","15","true","284.3666666666667","100","0","true"
"284.4","100","15","true","284.4","100","0","true"
"284.43333333333334","100","15","true","284.43333333333334","100","0","true"
"284.46666666666664","100","15","true","284.46666666666664","100","0","true"
"284.5","100","15","true","284.5","100","0","true"
"284.53333333333336","100","15","true","284.53333333333336","100","0","true"
"284.56666666666666","100","15","true","284.56666666666666","100","0","true"
"284.6","100","15","true","284.6","100","0","true"
"284.6333333333333","100","15","true","284.6333333333333","100","0","true"
"284.6666666666667","100","15","true","284.6666666666667","100","0","true"
"284.7","100","15","true","284.7","100","0","true"
"284.73333333333335","100","15","true","284.73333333333335","100","0","true"
"284.76666666666665","100","15","true","284.76666666666665","100","0","true"
"284.8","100","15","true","284.8","100","0","true"
"284.8333333333333","100","15","true","284.8333333333333","100","0","true"
"284.8666666666667","100","15","true","284.8666666666667","100","0","true"
"284.9","100","15","true","284.9","100","0","true"
"284.93333333333334","100","15","true","284.93333333333334","100","0","true"
"284.96666666666664","100","15","true","284.96666666666664","100","0","true"
"285","100","15","true","285","100","0","true"
"285.03333333333336","100","15","true","285.03333333333336","100","0","true"
"285.06666666666666","100","15","true","285.06666666666666","100","0","true"
"285.1","100","15","true","285.1","100","0","true"
"285.1333333333333","100","15","true","285.1333333333333","100","0","true"
"285.1666666666667","100","15","true","285.1666666666667","100","0","true"
"285.2","100","15","true","285.2","100","0","true"
"285.23333333333335","100","15","true","285.23333333333335","100","0","true"
"285.26666666666665","100","15","true","285.26666666666665","100","0","true"
"285.3","100","15","true","285.3","100","0","true"
"285.3333333333333","100","15","true","285.3333333333333","100","0","true"
"285.3666666666667","100","15","true","285.3666666666667","100","0","true"
"285.4","100","15","true","285.4","100","0","true"
"285.43333333333334","100","15","true","285.43333333333334","100","0","true"
"285.46666666666664","100","15","true","285.46666666666664","100","0","true"
"285.5","100","15","true","285.5","100","0","true"
"285.53333333333336","100","15","true","285.53333333333336","100","0","true"
"285.56666666666666","100","15","true","285.56666666666666","100","0","true"
"285.6","100","15","true","285.6","100","0","true"
"285.6333333333333","100","15","true","285.6333333333333","100","0","true"
"285.6666666666667","100","15","true","285.6666666666667","100","0","true"
"285.7","100","15","true","285.7","100","0","true"
"285.73333333333335","100","15","true","285.73333333333335","100","0","true"
"285.76666666666665","100","15","true","285.76666666666665","100","0","true"
"285.8","100","15","true","285.8","100","0","true"
"285.8333333333333","100","15","true","285.8333333333333","100","0","true"
"285.8666666666667","100","15","true","285.8666666666667","100","0","true"
"285.9","100","15","true","285.9","100","0","true"
"285.93333333333334","100","15","true","285.93333333333334","100","0","true"
"285.96666666666664","100","15","true","285.96666666666664","100","0","true"
"286","100","15","true","286","100","0","true"
"286.03333333333336","100","15","true","286.03333333333336","100","0","true"
"286.06666666666666","100","15","true","286.06666666666666","100","0","true"
"286.1","100","15","true","286.1","100","0","true"
"286.1333333333333","100","15","true","286.1333333333333","100","0","true"
"286.1666666666667","100","15","true","286.1666666666667","100","0","true"
"286.2","100","15","true","286.2","100","0","true"
"286.23333333333335","100","15","true","286.23333333333335","100","0","true"
"286.26666666666665","100","15","true","286.26666666666665","100","0","true"
"286.3","100","15","true","286.3","100","0","true"
"286.3333333333333","100","15","true","286.3333333333333","100","0","true"
"286.3666666666667","100","15","true","286.3666666666667","100","0","true"
"286.4","100","15","true","286.4","100","0","true"
"286.43333333333334","100","15","true","286.43333333333334","100","0","true"
"286.46666666666664","100","15","true","286.46666666666664","100","0","true"
"286.5","100","15","true","286.5","100","0","true"
"286.53333333333336","100","15","true","286.53333333333336","100","0","true"
"286.56666666666666","100","15","true","286.56666666666666","100","0","true"
"286.6","100","15","true","286.6","100","0","true"
"286.6333333333333","100","15","true","286.6333333333333","100","0","true"
"286.6666666666667","100","15","true","286.6666666666667","100","0","true"
"286.7","100","15","true","286.7","100","0","true"
"286.73333333333335","100","15","true","286.73333333333335","100","0","true"
"286.76666666666665","100","15","true","286.76666666666665","100","0","true"
"286.8","100","15","true","286.8","100","0","true"
"286.8333333333333","100","15","true","286.8333333333333","100","0","true"
"286.8666666666667","100","15","true","286.8666666666667","100","0","true"
"286.9","100","15","true","286.9","100","0","true"
"286.93333333333334","100","15","true","286.93333333333334","100","0","true"
"286.96666666666664","100","15","true","286.96666666666664","100","0","true"
"287","100","15","true","287","100","0","true"
"287.03333333333336","100","15","true","287.03333333333336","100","0","true"
"287.06666666666666","100","15","true","287.06666666666666","100","0","true"
"287.1","100","15","true","287.1","100","0","true"
"287.1333333333333","100","15","true","287.1333333333333","100","0","true"
"287.1666666666667","100","15","true","287.1666666666667","100","0","true"
"287.2","100","15","true","287.2","100","0","true"
"287.23333333333335","100","15","true","287.23333333333335","100","0","true"
"287.26666666666665","100","15","true","287.26666666666665","100","0","true"
"287.3","100","15","true","287.3","100","0","true"
"287.3333333333333","100","15","true","287.3333333333333","100","0","true"
"287.3666666666667","100","15","true","287.3666666666667","100","0","true"
"287.4","100","15","true","287.4","100","0","true"
"287.43333333333334","100","15","true","287.43333333333334","100","0","true"
"287.46666666666664","100","15","true","287.46666666666664","100","0","true"
"287.5","100","15","true","287.5","100","0","true"
"287.53333333333336","100","15","true","287.53333333333336","100","0","true"
"287.56666666666666","100","15","true","287.56666666666666","100","0","true"
"287.6","100","15","true","287.6","100","0","true"
"287.6333333333333","100","15","true","287.6333333333333","100","0","true"
"287.6666666666667","100","15","true","287.6666666666667","100","0","true"
"287.7","100","15","true","287.7","100","0","true"
"287.73333333333335","100","15","true","287.73333333333335","100","0","true"
"287.76666666666665","100","15","true","287.76666666666665","100","0","true"
"287.8","100","15","true","287.8","100","0","true"
"287.8333333333333","100","15","true","287.8333333333333","100","0","true"
"287.8666666666667","100","15","true","287.8666666666667","100","0","true"
"287.9","100","15","true","287.9","100","0","true"
"287.93333333333334","100","15","true","287.93333333333334","100","0","true"
"287.96666666666664","100","15","true","287.96666666666664","100","0","true"
"288","100","15","true","288","100","0","true"
"288.03333333333336","100","15","true","288.03333333333336","100","0","true"
"288.06666666666666","100","15","true","288.06666666666666","100","0","true"
"288.1","100","15","true","288.1","100","0","true"
"288.1333333333333","100","15","true","288.1333333333333","100","0","true"
"288.1666666666667","100","15","true","288.1666666666667","100","0","true"
"288.2","100","15","true","288.2","100","0","true"
"288.23333333333335","100","15","true","288.23333333333335","100","0","true"
"288.26666666666665","100","15","true","288.26666666666665","100","0","true"
"288.3","100","15","true","288.3","100","0","true"
"288.3333333333333","100","15","true","288.3333333333333","100","0","true"
"288.3666666666667","100","15","true","288.3666666666667","100","0","true"
"288.4","100","15","true","288.4","100","0","true"
"288.43333333333334","100","15","true","288.43333333333334","100","0","true"
"288.46666666666664","100","15","true","288.46666666666664","100","0","true"
"288.5","100","15","true","288.5","100","0","true"
"288.53333333333336","100","15","true","288.53333333333336","100","0","true"
"288.56666666666666","100","15","true","288.56666666666666","100","0","true"
"288.6","100","15","true","288.6","100","0","true"
"288.6333333333333","100","15","true","288.6333333333333","100","0","true"
"288.6666666666667","100","15","true","288.6666666666667","100","0","true"
"288.7","100","15","true","288.7","100","0","true"
"288.73333333333335","100","15","true","288.73333333333335","100","0","true"
"288.76666666666665","100","15","true","288.76666666666665","100","0","true"
"288.8","100","15","true","288.8","100","0","true"
"288.8333333333333","100","15","true","288.8333333333333","100","0","true"
"288.8666666666667","100","15","true","288.8666666666667","100","0","true"
"288.9","100","15","true","288.9","100","0","true"
"288.93333333333334","100","15","true","288.93333333333334","100","0","true"
"288.96666666666664","100","15","true","288.96666666666664","100","0","true"
"289","100","15","true","289","100","0","true"
"289.03333333333336","100","15","true","289.03333333333336","100","0","true"
"289.06666666666666","100","15","true","289.06666666666666","100","0","true"
"289.1","100","15","true","289.1","100","0","true"
"289.1333333333333","100","15","true","289.1333333333333","100","0","true"
"289.1666666666667","100","15","true","289.1666666666667","100","0","true"
"289.2","100","15","true","289.2","100","0","true"
"289.23333333333335","100","15","true","289.23333333333335","100","0","true"
"289.26666666666665","100","15","true","289.26666666666665","100","0","true"
"289.3","100","15","true","289.3","100","0","true"
"289.3333333333333","100","15","true","289.3333333333333","100","0","true"
"289.3666666666667","100","15","true","289.3666666666667","100","0","true"
"289.4","100","15","true","289.4","100","0","true"
"289.43333333333334","100","15","true","289.43333333333334","100","0","true"
"289.46666666666664","100","15","true","289.46666666666664","100","0","true"
"289.5","100","15","true","289.5","100","0","true"
"289.53333333333336","100","15","true","289.53333333333336","100","0","true"
"289.56666666666666","100","15","true","289.56666666666666","100","0","true"
"289.6","100","15","true","289.6","100","0","true"
"289.6333333333333","100","15","true","289.6333333333333","100","0","true"
"289.6666666666667","100","15","true","289.6666666666667","100","0","true"
"289.7","100","15","true","289.7","100","0","true"
"289.73333333333335","100","15","true","289.73333333333335","100","0","true"
"289.76666666666665","100","15","true","289.76666666666665","100","0","true"
"289.8","100","15","true","289.8","100","0","true"
"289.8333333333333","100","15","true","289.8333333333333","100","0","true"
"289.8666666666667","100","15","true","289.8666666666667","100","0","true"
"289.9","100","15","true","289.9","100","0","true"
"289.93333333333334","100","15","true","289.93333333333334","100","0","true"
"289.96666666666664","100","15","true","289.96666666666664","100","0","true"
"290","100","15","true","290","100","0","true"
"290.03333333333336","100","15","true","290.03333333333336","100","0","true"
"290.06666666666666","100","15","true","290.06666666666666","100","0","true"
"290.1","100","15","true","290.1","100","0","true"
"290.1333333333333","100","15","true","290.1333333333333","100","0","true"
"290.1666666666667","100","15","true","290.1666666666667","100","0","true"
"290.2","100","15","true","290.2","100","0","true"
"290.23333333333335","100","15","true","290.23333333333335","100","0","true"
"290.26666666666665","100","15","true","290.26666666666665","100","0","true"
"290.3","100","15","true","290.3","100","0","true"
"290.3333333333333","100","15","true","290.3333333333333","100","0","true"
"290.3666666666667","100","15","true","290.3666666666667","100","0","true"
"290.4","100","15","true","290.4","100","0","true"
"290.43333333333334","100","15","true","290.43333333333334","100","0","true"
"290.46666666666664","100","15","true","290.46666666666664","100","0","true"
"290.5","100","15","true","290.5","100","0","true"
"290.53333333333336","100","15","true","290.53333333333336","100","0","true"
"290.56666666666666","100","15","true","290.56666666666666","100","0","true"
"290.6","100","15","true","290.6","100","0","true"
"290.6333333333333","100","15","true","290.6333333333333","100","0","true"
"290.6666666666667","100","15","true","290.6666666666667","100","0","true"
"290.7","100","15","true","290.7","100","0","true"
"290.73333333333335","100","15","true","290.73333333333335","100","0","true"
"290.76666666666665","100","15","true","290.76666666666665","100","0","true"
"290.8","100","15","true","290.8","100","0","true"
"290.8333333333333","100","15","true","290.8333333333333","100","0","true"
"290.8666666666667","100","15","true","290.8666666666667","100","0","true"
"290.9","100","15","true","290.9","100","0","true"
"290.93333333333334","100","15","true","290.93333333333334","100","0","true"
"290.96666666666664","100","15","true","290.96666666666664","100","0","true"
"291","100","15","true","291","100","0","true"
"291.03333333333336","100","15","true","291.03333333333336","100","0","true"
"291.06666666666666","100","15","true","291.06666666666666","100","0","true"
"291.1","100","15","true","291.1","100","0","true"
"291.1333333333333","100","15","true","291.1333333333333","100","0","true"
"291.1666666666667","100","15","true","291.1666666666667","100","0","true"
"291.2","100","15","true","291.2","100","0","true"
"291.23333333333335","100","15","true","291.23333333333335","100","0","true"
"291.26666666666665","100","15","true","291.26666666666665","100","0","true"
"291.3","100","15","true","291.3","100","0","true"
"291.3333333333333","100","15","true","291.3333333333333","100","0","true"
"291.3666666666667","100","15","true","291.3666666666667","100","0","true"
"291.4","100","15","true","291.4","100","0","true"
"291.43333333333334","100","15","true","291.43333333333334","100","0","true"
"291.46666666666664","100","15","true","291.46666666666664","100","0","true"
"291.5","100","15","true","291.5","100","0","true"
"291.53333333333336","100","15","true","291.53333333333336","100","0","true"
"291.56666666666666","100","15","true","291.56666666666666","100","0","true"
"291.6","100","15","true","291.6","100","0","true"
"291.6333333333333","100","15","true","291.6333333333333","100","0","true"
"291.6666666666667","100","15","true","291.6666666666667","100","0","true"
"291.7","100","15","true","291.7","100","0","true"
"291.73333333333335","100","15","true","291.73333333333335","100","0","true"
"291.76666666666665","100","15","true","291.76666666666665","100","0","true"
"291.8","100","15","true","291.8","100","0","true"
"291.8333333333333","100","15","true","291.8333333333333","100","0","true"
"291.8666666666667","100","15","true","291.8666666666667","100","0","true"
"291.9","100","15","true","291.9","100","0","true"
"291.93333333333334","100","15","true","291.93333333333334","100","0","true"
"291.96666666666664","100","15","true","291.96666666666664","100","0","true"
"292","100","15","true","292","100","0","true"
"292.03333333333336","100","15","true","292.03333333333336","100","0","true"
"292.06666666666666","100","15","true","292.06666666666666","100","0","true"
"292.1","100","15","true","292.1","100","0","true"
"292.1333333333333","100","15","true","292.1333333333333","100","0","true"
"292.1666666666667","100","15","true","292.1666666666667","100","0","true"
"292.2","100","15","true","292.2","100","0","true"
"292.23333333333335","100","15","true","292.23333333333335","100","0","true"
"292.26666666666665","100","15","true","292.26666666666665","100","0","true"
"292.3","100","15","true","292.3","100","0","true"
"292.3333333333333","100","15","true","292.3333333333333","100","0","true"
"292.3666666666667","100","15","true","292.3666666666667","100","0","true"
"292.4","100","15","true","292.4","100","0","true"
"292.43333333333334","100","15","true","292.43333333333334","100","0","true"
"292.46666666666664","100","15","true","292.46666666666664","100","0","true"
"292.5","100","15","true","292.5","100","0","true"
"292.53333333333336","100","15","true","292.53333333333336","100","0","true"
"292.56666666666666","100","15","true","292.56666666666666","100","0","true"
"292.6","100","15","true","292.6","100","0","true"
"292.6333333333333","100","15","true","292.6333333333333","100","0","true"
"292.6666666666667","100","15","true","292.6666666666667","100","0","true"
"292.7","100","15","true","292.7","100","0","true"
"292.73333333333335","100","15","true","292.73333333333335","100","0","true"
"292.76666666666665","100","15","true","292.76666666666665","100","0","true"
"292.8","100","15","true","292.8","100","0","true"
"292.8333333333333","100","15","true","292.8333333333333","100","0","true"
"292.8666666666667","100","15","true","292.8666666666667","100","0","true"
"292.9","100","15","true","292.9","100","0","true"
"292.93333333333334","100","15","true","292.93333333333334","100","0","true"
"292.96666666666664","100","15","true","292.96666666666664","100","0","true"
"293","100","15","true","293","100","0","true"
"293.03333333333336","100","15","true","293.03333333333336","100","0","true"
"293.06666666666666","100","15","true","293.06666666666666","100","0","true"
"293.1","100","15","true","293.1","100","0","true"
"293.1333333333333","100","15","true","293.1333333333333","100","0","true"
"293.1666666666667","100","15","true","293.1666666666667","100","0","true"
"293.2","100","15","true","293.2","100","0","true"
"293.23333333333335","100","15","true","293.23333333333335","100","0","true"
"293.26666666666665","100","15","true","293.26666666666665","100","0","true"
"293.3","100","15","true","293.3","100","0","true"
"293.3333333333333","100","15","true","293.3333333333333","100","0","true"
"293.3666666666667","100","15","true","293.3666666666667","100","0","true"
"293.4","100","15","true","293.4","100","0","true"
"293.43333333333334","100","15","true","293.43333333333334","100","0","true"
"293.46666666666664","100","15","true","293.46666666666664","100","0","true"
"293.5","100","15","true","293.5","100","0","true"
"293.53333333333336","100","15","true","293.53333333333336","100","0","true"
"293.56666666666666","100","15","true","293.56666666666666","100","0","true"
"293.6","100","15","true","293.6","100","0","true"
"293.6333333333333","100","15","true","293.6333333333333","100","0","true"
"293.6666666666667","100","15","true","293.6666666666667","100","0","true"
"293.7","100","15","true","293.7","100","0","true"
"293.73333333333335","100","15","true","293.73333333333335","100","0","true"
"293.76666666666665","100","15","true","293.76666666666665","100","0","true"
"293.8","100","15","true","293.8","100","0","true"
"293.8333333333333","100","15","true","293.8333333333333","100","0","true"
"293.8666666666667","100","15","true","293.8666666666667","100","0","true"
"293.9","100","15","true","293.9","100","0","true"
"293.93333333333334","100","15","true","293.93333333333334","100","0","true"
"293.96666666666664","100","15","true","293.96666666666664","100","0","true"
"294","100","15","true","294","100","0","true"
"294.03333333333336","100","15","true","294.03333333333336","100","0","true"
"294.06666666666666","100","15","true","294.06666666666666","100","0","true"
"294.1","100","15","true","294.1","100","0","true"
"294.1333333333333","100","15","true","294.1333333333333","100","0","true"
"294.1666666666667","100","15","true","294.1666666666667","100","0","true"
"294.2","100","15","true","294.2","100","0","true"
"294.23333333333335","100","15","true","294.23333333333335","100","0","true"
"294.26666666666665","100","15","true","294.26666666666665","100","0","true"
"294.3","100","15","true","294.3","100","0","true"
"294.3333333333333","100","15","true","294.3333333333333","100","0","true"
"294.3666666666667","100","15","true","294.3666666666667","100","0","true"
"294.4","100","15","true","294.4","100","0","true"
"294.43333333333334","100","15","true","294.43333333333334","100","0","true"
"294.46666666666664","100","15","true","294.46666666666664","100","0","true"
"294.5","100","15","true","294.5","100","0","true"
"294.53333333333336","100","15","true","294.53333333333336","100","0","true"
"294.56666666666666","100","15","true","294.56666666666666","100","0","true"
"294.6","100","15","true","294.6","100","0","true"
"294.6333333333333","100","15","true","294.6333333333333","100","0","true"
"294.6666666666667","100","15","true","294.6666666666667","100","0","true"
"294.7","100","15","true","294.7","100","0","true"
"294.73333333333335","100","15","true","294.73333333333335","100","0","true"
"294.76666666666665","100","15","true","294.76666666666665","100","0","true"
"294.8","100","15","true","294.8","100","0","true"
"294.8333333333333","100","15","true","294.8333333333333","100","0","true"
"294.8666666666667","100","15","true","294.8666666666667","100","0","true"
"294.9","100","15","true","294.9","100","0","true"
"294.93333333333334","100","15","true","294.93333333333334","100","0","true"
"294.96666666666664","100","15","true","294.96666666666664","100","0","true"
"295","100","15","true","295","100","0","true"
"295.03333333333336","100","15","true","295.03333333333336","100","0","true"
"295.06666666666666","100","15","true","295.06666666666666","100","0","true"
"295.1","100","15","true","295.1","100","0","true"
"295.1333333333333","100","15","true","295.1333333333333","100","0","true"
"295.1666666666667","100","15","true","295.1666666666667","100","0","true"
"295.2","100","15","true","295.2","100","0","true"
"295.23333333333335","100","15","true","295.23333333333335","100","0","true"
"295.26666666666665","100","15","true","295.26666666666665","100","0","true"
"295.3","100","15","true","295.3","100","0","true"
"295.3333333333333","100","15","true","295.3333333333333","100","0","true"
"295.3666666666667","100","15","true","295.3666666666667","100","0","true"
"295.4","100","15","true","295.4","100","0","true"
"295.43333333333334","100","15","true","295.43333333333334","100","0","true"
"295.46666666666664","100","15","true","295.46666666666664","100","0","true"
"295.5","100","15","true","295.5","100","0","true"
"295.53333333333336","100","15","true","295.53333333333336","100","0","true"
"295.56666666666666","100","15","true","295.56666666666666","100","0","true"
"295.6","100","15","true","295.6","100","0","true"
"295.6333333333333","100","15","true","295.6333333333333","100","0","true"
"295.6666666666667","100","15","true","295.6666666666667","100","0","true"
"295.7","100","15","true","295.7","100","0","true"
"295.73333333333335","100","15","true","295.73333333333335","100","0","true"
"295.76666666666665","100","15","true","295.76666666666665","100","0","true"
"295.8","100","15","true","295.8","100","0","true"
"295.8333333333333","100","15","true","295.8333333333333","100","0","true"
"295.8666666666667","100","15","true","295.8666666666667","100","0","true"
"295.9","100","15","true","295.9","100","0","true"
"295.93333333333334","100","15","true","295.93333333333334","100","0","true"
"295.96666666666664","100","15","true","295.96666666666664","100","0","true"
"296","100","15","true","296","100","0","true"
"296.03333333333336","100","15","true","296.03333333333336","100","0","true"
"296.06666666666666","100","15","true","296.06666666666666","100","0","true"
"296.1","100","15","true","296.1","100","0","true"
"296.1333333333333","100","15","true","296.1333333333333","100","0","true"
"296.1666666666667","100","15","true","296.1666666666667","100","0","true"
"296.2","100","15","true","296.2","100","0","true"
"296.23333333333335","100","15","true","296.23333333333335","100","0","true"
"296.26666666666665","100","15","true","296.26666666666665","100","0","true"
"296.3","100","15","true","296.3","100","0","true"
"296.3333333333333","100","15","true","296.3333333333333","100","0","true"
"296.3666666666667","100","15","true","296.3666666666667","100","0","true"
"296.4","100","15","true","296.4","100","0","true"
"296.43333333333334","100","15","true","296.43333333333334","100","0","true"
"296.46666666666664","100","15","true","296.46666666666664","100","0","true"
"296.5","100","15","true","296.5","100","0","true"
"296.53333333333336","100","15","true","296.53333333333336","100","0","true"
"296.56666666666666","100","15","true","296.56666666666666","100","0","true"
"296.6","100","15","true","296.6","100","0","true"
"296.6333333333333","100","15","true","296.6333333333333","100","0","true"
"296.6666666666667","100","15","true","296.6666666666667","100","0","true"
"296.7","100","15","true","296.7","100","0","true"
"296.73333333333335","100","15","true","296.73333333333335","100","0","true"
"296.76666666666665","100","15","true","296.76666666666665","100","0","true"
"296.8","100","15","true","296.8","100","0","true"
"296.8333333333333","100","15","true","296.8333333333333","100","0","true"
"296.8666666666667","100","15","true","296.8666666666667","100","0","true"
"296.9","100","15","true","296.9","100","0","true"
"296.93333333333334","100","15","true","296.93333333333334","100","0","true"
"296.96666666666664","100","15","true","296.96666666666664","100","0","true"
"297","100","15","true","297","100","0","true"
"297.03333333333336","100","15","true","297.03333333333336","100","0","true"
"297.06666666666666","100","15","true","297.06666666666666","100","0","true"
"297.1","100","15","true","297.1","100","0","true"
"297.1333333333333","100","15","true","297.1333333333333","100","0","true"
"297.1666666666667","100","15","true","297.1666666666667","100","0","true"
"297.2","100","15","true","297.2","100","0","true"
"297.23333333333335","100","15","true","297.23333333333335","100","0","true"
"297.26666666666665","100","15","true","297.26666666666665","100","0","true"
"297.3","100","15","true","297.3","100","0","true"
"297.3333333333333","100","15","true","297.3333333333333","100","0","true"
"297.3666666666667","100","15","true","297.3666666666667","100","0","true"
"297.4","100","15","true","297.4","100","0","true"
"297.43333333333334","100","15","true","297.43333333333334","100","0","true"
"297.46666666666664","100","15","true","297.46666666666664","100","0","true"
"297.5","100","15","true","297.5","100","0","true"
"297.53333333333336","100","15","true","297.53333333333336","100","0","true"
"297.56666666666666","100","15","true","297.56666666666666","100","0","true"
"297.6","100","15","true","297.6","100","0","true"
"297.6333333333333","100","15","true","297.6333333333333","100","0","true"
"297.6666666666667","100","15","true","297.6666666666667","100","0","true"
"297.7","100","15","true","297.7","100","0","true"
"297.73333333333335","100","15","true","297.73333333333335","100","0","true"
"297.76666666666665","100","15","true","297.76666666666665","100","0","true"
"297.8","100","15","true","297.8","100","0","true"
"297.8333333333333","100","15","true","297.8333333333333","100","0","true"
"297.8666666666667","100","15","true","297.8666666666667","100","0","true"
"297.9","100","15","true","297.9","100","0","true"
"297.93333333333334","100","15","true","297.93333333333334","100","0","true"
"297.96666666666664","100","15","true","297.96666666666664","100","0","true"
"298","100","15","true","298","100","0","true"
"298.03333333333336","100","15","true","298.03333333333336","100","0","true"
"298.06666666666666","100","15","true","298.06666666666666","100","0","true"
"298.1","100","15","true","298.1","100","0","true"
"298.1333333333333","100","15","true","298.1333333333333","100","0","true"
"298.1666666666667","100","15","true","298.1666666666667","100","0","true"
"298.2","100","15","true","298.2","100","0","true"
"298.23333333333335","100","15","true","298.23333333333335","100","0","true"
"298.26666666666665","100","15","true","298.26666666666665","100","0","true"
"298.3","100","15","true","298.3","100","0","true"
"298.3333333333333","100","15","true","298.3333333333333","100","0","true"
"298.3666666666667","100","15","true","298.3666666666667","100","0","true"
"298.4","100","15","true","298.4","100","0","true"
"298.43333333333334","100","15","true","298.43333333333334","100","0","true"
"298.46666666666664","100","15","true","298.46666666666664","100","0","true"
"298.5","100","15","true","298.5","100","0","true"
"298.53333333333336","100","15","true","298.53333333333336","100","0","true"
"298.56666666666666","100","15","true","298.56666666666666","100","0","true"
"298.6","100","15","true","298.6","100","0","true"
"298.6333333333333","100","15","true","298.6333333333333","100","0","true"
"298.6666666666667","100","15","true","298.6666666666667","100","0","true"
"298.7","100","15","true","298.7","100","0","true"
"298.73333333333335","100","15","true","298.73333333333335","100","0","true"
"298.76666666666665","100","15","true","298.76666666666665","100","0","true"
"298.8","100","15","true","298.8","100","0","true"
"298.8333333333333","100","15","true","298.8333333333333","100","0","true"
"298.8666666666667","100","15","true","298.8666666666667","100","0","true"
"298.9","100","15","true","298.9","100","0","true"
"298.93333333333334","100","15","true","298.93333333333334","100","0","true"
"298.96666666666664","100","15","true","298.96666666666664","100","0","true"
"299","100","15","true","299","100","0","true"
"299.03333333333336","100","15","true","299.03333333333336","100","0","true"
"299.06666666666666","100","15","true","299.06666666666666","100","0","true"
"299.1","100","15","true","299.1","100","0","true"
"299.1333333333333","100","15","true","299.1333333333333","100","0","true"
"299.1666666666667","100","15","true","299.1666666666667","100","0","true"
"299.2","100","15","true","299.2","100","0","true"
"299.23333333333335","100","15","true","299.23333333333335","100","0","true"
"299.26666666666665","100","15","true","299.26666666666665","100","0","true"
"299.3","100","15","true","299.3","100","0","true"
"299.3333333333333","100","15","true","299.3333333333333","100","0","true"
"299.3666666666667","100","15","true","299.3666666666667","100","0","true"
"299.4","100","15","true","299.4","100","0","true"
"299.43333333333334","100","15","true","299.43333333333334","100","0","true"
"299.46666666666664","100","15","true","299.46666666666664","100","0","true"
"299.5","100","15","true","299.5","100","0","true"
"299.53333333333336","100","15","true","299.53333333333336","100","0","true"
"299.56666666666666","100","15","true","299.56666666666666","100","0","true"
"299.6","100","15","true","299.6","100","0","true"
"299.6333333333333","100","15","true","299.6333333333333","100","0","true"
"299.6666666666667","100","15","true","299.6666666666667","100","0","true"
"299.7","100","15","true","299.7","100","0","true"
"299.73333333333335","100","15","true","299.73333333333335","100","0","true"
"299.76666666666665","100","15","true","299.76666666666665","100","0","true"
"299.8","100","15","true","299.8","100","0","true"
"299.8333333333333","100","15","true","299.8333333333333","100","0","true"
"299.8666666666667","100","15","true","299.8666666666667","100","0","true"
"299.9","100","15","true","299.9","100","0","true"
"299.93333333333334","100","15","true","299.93333333333334","100","0","true"
"299.96666666666664","100","15","true","299.96666666666664","100","0","true"
"300","100","15","true","300","100","0","true"
